1.6229446739469626 1.6229446739469626 0.8375465105495142 1.7336018951208576 1.2424382968345977 2.0034510510593275 -2.767693752041085 1.3566926247960374 
1.5471323039822287 1.535166162681946 0.7730156944049862 1.6437432585765301 1.1565365318275973 1.9175098684390748 -2.870497315555607 1.2652535186039853 
1.5691183091781042 1.545196995888084 0.8079833492880168 1.6516938997620134 1.1684830756821007 1.929338325721724 -2.8750340659563225 1.2716224084704648 
1.6303189342557842 1.594464312943614 0.8839884192602229 1.6988818461173643 1.2197044477599668 1.9803634404921246 -2.839892365575261 1.3172278570273204 
1.5494475854087535 1.5016922662998333 0.8198671195245457 1.6040321524959975 1.1289240137710856 1.88930940690143 -2.9463627178215774 1.2207954020915208 
1.636948682547545 1.5773358017748293 0.9261842264867095 1.6776006787431852 1.2065957667372222 1.966631373753887 -2.884003990057637 1.2927813332121403 
1.592258189650683 1.5208411195939358 0.9024902920076595 1.6190345480248978 1.1521647893060463 1.9117759028298569 -2.9533829636341125 1.2326331490792524 
1.6197805283344042 1.5366225220756489 0.9532943898855241 1.632748991820928 1.1700441033097635 1.929157813375845 -2.9500975035404418 1.2447664017132254 
1.626219755394426 1.531393529426139 0.9853902152844156 1.6254584630604123 1.1669457880209666 1.9254912942602935 -2.967445464807578 1.235895808916345 
1.6391867380304956 1.53277399797272 1.026457278292951 1.6247837517447274 1.17048810141933 1.9283970181640766 -2.9778176001489323 1.2336423693348015 
1.6847445532796428 1.5668354678806375 1.1025995310554941 1.6567973301162677 1.2067408314905947 1.9639474848911664 -2.955152240800615 1.2640787071918609 
1.6647967799691514 1.5354894090739322 1.1157263565931255 1.623411596107383 1.1776135462496111 1.9340552625631977 -2.997547081010091 1.229117315428027 
1.6823762571870238 1.5417759396547503 1.168833936543587 1.6276675893766943 1.1861443167470078 1.941761701036731 -3.0019704911906606 1.2317992715562096 
1.7106828242035723 1.5589015319374901 1.2350361574994855 1.642772695061212 1.205537428135497 1.9602746327048832 -2.995223844059087 1.245331941360344 
1.6495899482625662 1.4867456125871457 1.214065790802681 1.5686072417447943 1.135669985239648 1.889474967218381 -3.077434946804817 1.16959557693732 
1.727347820803763 1.5535636373880977 1.3339744677246888 1.6334275741793791 1.2047949931050344 1.9576197606978634 -3.0203549983909816 1.2328463896172694 
1.659682338385248 1.4750860567770347 1.310231788181649 1.5529650169019265 1.128640328605864 1.8804411756161903 -3.108259655554915 1.1508155139030698 
1.7041090973122353 1.5088323009224929 1.4000434097016201 1.5847398575377 1.164722731835261 1.9154604601774208 -3.083635078490417 1.1810229912170325 
1.6648739742387995 1.4590513563148506 1.40729999993949 1.5330019217608597 1.1172883891805283 1.8669285191991478 -3.142237384065822 1.1277183454224382 
1.6928317269239646 1.476600367679331 1.4824682280655965 1.5486091737308927 1.137191541831878 1.8857045103520198 -3.1332140726277324 1.1417591839346568 
1.6727700024621905 1.4462686521094013 1.5099302935523495 1.5163517289072665 1.1092185065560334 1.8565798526932735 3.1114052657870794 1.1079352113199046 
1.719732080945933 1.4831004529147167 1.6043238883705184 1.5512746067402592 1.148410436161464 1.894600975025691 3.1402904503178926 1.1412909828748812 
1.6759134359655865 1.4292915140966913 1.6074559305823646 1.495574304153929 1.096959900500301 1.8419658850301601 3.078819101875531 1.0840224790981012 
1.6897047169717825 1.4332320799676188 1.6673609402124134 1.4976417943389129 1.1032538924545927 1.847067163720329 3.0753783904146 1.084520105565219 
1.6985706919942891 1.4323858578923327 1.7211921890499133 1.4949414888349444 1.10475279681811 1.8473709232285134 3.0674292825614846 1.0802476561825192 
1.710157627717581 1.4343974206407648 1.7763372464998242 1.4951186393913745 1.1090977984951353 1.8505242044387462 3.062613923001254 1.0788497163010213 
1.6749081647057893 1.389707105644185 1.7830367545582457 1.4486142368976025 1.0667257872434768 1.806969871784751 3.0113705140769675 1.0307665629770908 
1.694170656553624 1.3996603794506295 1.842493738910186 1.456774375677297 1.0789787271934237 1.8180559735307953 3.015042661869131 1.0373435306673733 
1.6904766658888717 1.3867853598484594 1.8771478831359538 1.4421277756129884 1.0683811835498567 1.806313260024296 2.9961568811894557 1.021108534818603 
1.6972198600542032 1.384471738057888 1.9203489358901906 1.4380647044979458 1.0683192488179059 1.8051341023375442 2.988101501848542 1.0154509957431774 
1.6597001655920276 1.338014959718047 1.9173940477356548 1.389881159339461 1.0240847272227684 1.7598166700413604 2.9361708348807958 0.9656660214987515 
1.6543895354966203 1.3238820182713 1.944786210628063 1.3740446602113499 1.0121409308709401 1.7468307217254198 2.9168309522809763 0.9482202033639779 
1.6840367240278744 1.3448162552110552 2.005331827858693 1.393299051117713 1.035227482067178 1.7689224027425499 2.932824474669312 0.9658564183669562 
1.6979091321861126 1.3500792299987683 2.0483759091887555 1.396906370669173 1.042602184543343 1.7753561129918534 2.933412429640193 0.9678357016624324 
1.66914336460304 1.312801300144886 2.0471467817286846 1.3579974330617037 1.00739160404655 1.7392650852429241 2.891724821237883 0.9272878292430288 
1.6015461253285064 1.2367825387049745 2.005552049120923 1.2803727466046178 0.933391985492454 1.6644523012584045 2.811561537758999 0.848012238226602 
1.6545355137686062 1.2814340502480277 2.0831158620691452 1.3234438308500047 0.9800105676968077 1.7103318067766249 2.852333658887507 0.8894193457679783 
1.647674452841817 1.2663114171924053 2.0995091683759006 1.3067666642145233 0.9667990275379899 1.6964621572534189 2.833596894007102 0.8710639984823978 
1.5873846110683303 1.1978286380780299 2.0612612046260645 1.23675562365775 0.9001674150769078 1.6292603559344965 2.761765513209835 0.7993594139418013 
1.578876541905007 1.1811882809622902 2.073687839258278 1.2186136396004537 0.885314302779484 1.6139320074479657 2.7420424941398633 0.7795073374247582 
1.5472435903259112 1.1414754018332656 2.061984203703085 1.1774261159725783 0.8473206986923291 1.5755652368122068 2.699513434518598 0.736591963807875 
1.5535921955834562 1.139787856884312 2.087354135824347 1.1742912442316262 0.8472803523710946 1.575261002704555 2.6952768591494336 0.7317102534379494 
1.4832455054187048 1.0614399238398264 2.0352132590076892 1.0945236265383778 0.7705033687044733 1.4983367201819378 2.6146478365475643 0.6501755571710413 
1.4855949544015812 1.055813884943357 2.055040271775035 1.0875058606987502 0.7663677821948219 1.4941778454660937 2.6070095577633627 0.6413692031871191 
1.4910270580602336 1.0532868232037476 2.0773036355518415 1.0836153384657699 0.7652463432366641 1.4931646743909306 2.602740128954044 0.6356672971747594 
1.460610962013631 1.0149181710529285 2.0631491482618816 1.04391179635422 0.7281940554869223 1.4563598936679747 2.5629001168180094 0.5941282750396287 
1.4496000242588316 0.9959512895064844 2.0679016411759665 1.0236388970587784 0.7104497423517504 1.4390101630641983 2.5427341249455706 0.5719944862294333 
1.4076847487365949 0.9460663958877306 2.041318085465006 0.9724771595368401 0.6616889605766917 1.3907990465569833 2.491923719111192 0.5189451257390768 
1.378513509699765 0.9089012795713939 2.0271085236952127 0.9340646772134688 0.6255447003132454 1.3553677319274966 2.45410814092958 0.4786169542567188 
1.4177879454961135 0.9401466842821996 2.0810316864987137 0.9640925028459962 0.6577027501035987 1.3884104173342782 2.4849796883790387 0.5066996849922435 
1.352871338779514 0.867154673875209 2.030503597703392 0.8899130169783536 0.5855100436048672 1.3172826818018606 2.4118920800889474 0.43054435412288755 
1.3565789147092515 0.8627289130574259 2.0483880893580126 0.8843302114488384 0.5817649193930859 1.3147917710936208 2.407650734822777 0.422953606325177 
1.3148966984068347 0.8128435042039374 2.0207158605626647 0.8333185291099677 0.5324359348655855 1.2669154401337233 2.3582316072838143 0.3699005365579589 
1.2837431701154034 0.773404618579209 2.0034463132870495 0.7927844980774768 0.49342347240018514 1.229563590302416 2.319542818530032 0.32729032642048717 
1.2309526750540276 0.7122338788003169 1.9644511184836113 0.7305501173529971 0.43254309443637823 1.1705616584574572 2.259408037812824 0.26294363193771814 
1.1822622122393063 0.6550551166353816 1.9295011342622446 0.6723396179226725 0.37551227137823096 1.1156373817933942 2.2035532399128557 0.20258334688347357 
1.2043400880651975 0.6685229917225395 1.965295160293691 0.6848080849274729 0.3889789676865134 1.131449424145282 2.2186353235405547 0.21286322724634 
1.189635620937876 0.6450726572713846 1.9643097137790784 0.6603911269790393 0.3653712719771195 1.1104370498230052 2.197091776847687 0.1862175629220205 
1.1869681277273418 0.6335087032416186 1.9753880572995381 0.6478938231292427 0.3534863013455921 1.1014090754983936 2.1877296205316306 0.171450127150956 
1.0871146409550638 0.5245928256158905 1.8893279274275372 0.5380783961256386 0.24407782822672974 0.9951315487931467 2.0813130771388026 0.05932185234477538 
1.051272633631634 0.479506498340199 1.8673442413256287 0.4921268885431357 0.19831890601789745 0.9527904301757574 2.039026243132813 0.011013508904022955 
1.0508154360243231 0.46960633182957306 1.880824466245066 0.4813965257085628 0.18755717697884106 0.9457469621041976 2.032228447620233 -0.0021189290432588838 
1.0451173662761173 0.4542491395336637 1.8891536747949864 0.4652447869338055 0.1711398834734368 0.9333627469525076 2.020279319226936 -0.020719209452813886 
1.0427437126679469 0.44198184987911765 1.900904425053698 0.4522193223976895 0.15760371939281606 0.9241896710866461 2.011728698443728 -0.036240882370747705 
0.9736909320038883 0.3627816275427606 1.8460768316383744 0.3722980796564898 0.07691488518398931 0.8482100390974555 1.9365567594009272 -0.11870717014045146 
0.9936540297226789 0.37232316907975843 1.8803657953622113 0.3811566048356801 0.08473631092151832 0.8611038832745957 1.9504413061058414 -0.11244366274141174 
0.967528310914132 0.33548036145064425 1.8686625831053894 0.34366970707827055 0.04592923531879671 0.8277506369313882 1.9182594317014496 -0.1525766496680639 
0.9298205713687684 0.2867373718843538 1.8454658299254492 0.29432255472149405 -0.005035791595698463 0.7826402400907624 1.874498609202869 -0.2046220198596991 
0.9306500217426613 0.2761894614119655 1.8608822598517654 0.28321149557466224 -0.018078190581620364 0.7758739699476588 1.8692575060713632 -0.21848443729076333 
0.8651740477863125 0.19896862421899464 1.8100522321391483 0.20546970348802296 -0.0980818187698248 0.702590098344774 1.7976716248049698 -0.2990316900132307 
0.873647359057382 0.19530260438685768 1.8332086696649208 0.20132620282941263 -0.10483606807195629 0.7030229279304699 1.7999723211544525 -0.3060356610151716 
0.8597134676882842 0.16880623070658393 1.8339683156895814 0.1743972116026112 -0.1347446567167753 0.6807941477902028 1.7797781406932862 -0.33588098014202095 
0.8812314231808328 0.17730799462545838 1.8701582499015383 0.18251272832399718 -0.12999918989510068 0.693739433731516 1.7949213988563777 -0.3307384319438617 
0.8235499800479914 0.10612404723447948 1.8270898456950913 0.110990538626962 -0.20530531469446864 0.627182469262051 1.7307221804186508 -0.40529094345878197 
0.8221244840604379 0.09067490017480945 1.8401754596004125 0.09525292654000966 -0.22526618556022432 0.6165516722837588 1.7226050433651214 -0.424116866965546 
0.8631828571034834 0.11715120966909924 1.895594237890712 0.12149246971906406 -0.2037168621861704 0.6480460068690395 1.7567648064430148 -0.40102417840405996 
0.8144885783337199 0.05327654071306996 1.8610549427480478 0.05743481575158181 -0.2729617438555614 0.5893977773304167 1.7009293175283426 -0.46828769432484463 
0.7947874453014525 0.017753894675456332 1.8552425858363053 0.02178522287117572 -0.3143282579202777 0.5593191880261821 1.673805986165641 -0.5072025240076963 
0.8140567033874708 0.02051458859540876 1.8880674611475992 0.02447745347176287 -0.3179182148494357 0.5677512574054435 1.685330668695436 -0.5078351683395601 
0.8026987389129235 -0.008088318000356452 1.8898587752341436 -0.004132783646303959 -0.35341463439759824 0.5450572823513565 1.66586110193346 -0.5398300694985138 
0.7773768006271031 -0.05144458285071443 1.8772003415084293 -0.04743237626657584 -0.40424657682546083 0.5078583189935029 1.6320123514710443 -0.5865741453922464 
0.8041013390566719 -0.04360073556516232 1.916016929412995 -0.039464745130687665 -0.4045033865210349 0.5221192719959923 1.6497428664939442 -0.5821107169790444 
0.8111913143346496 -0.05629907282151163 1.93453562001508 -0.05196881928897849 -0.42597399172048617 0.5161099468987413 1.6473154955786218 -0.5981784740455387 
0.8511747304865266 -0.03707743064553247 1.9851864270420483 -0.03247878675315073 -0.4162469932264016 0.5423053293741803 1.6771977271992895 -0.5823112157497538 
0.8096896635970675 -0.10036845830097975 1.9535034526418666 -0.09542334479859606 -0.4898102609277907 0.48628636725937746 1.624962430664485 -0.6489370902615591 
0.7986879258690148 -0.13429624043045607 1.9513287235513606 -0.12892229635704944 -0.5348478761452916 0.45994340915241405 1.6024912511164855 -0.6861751799275942 
0.8182174896272032 -0.13889412776799764 1.9785948384852112 -0.1330043525997056 -0.5514582676322357 0.4632584397265948 1.6097567985749945 -0.6940532920494418 
0.8299830653062684 -0.15254436129113075 1.996885832203941 -0.14604672633465982 -0.5780941084900691 0.45786552741916725 1.6083830464903084 -0.710947539890238 
0.8536063039543385 -0.15571799130171102 2.025697744728171 -0.1485150174385623 -0.5953024512036889 0.4633109835848979 1.6179054386824232 -0.7173222151239917 
0.871206918474812 -0.1663937607262004 2.0470202164612465 -0.15838205931567453 -0.621143737231585 0.4616345644642866 1.620352035776095 -0.7311486207187262 
0.8783227757026523 -0.1891378537722944 2.056257198692501 -0.18020762719293523 -0.6602715386154633 0.44828981553698577 1.6111638004328328 -0.7569847650639795 
0.9097623671600824 -0.18925104327489783 2.088080237736242 -0.17928554122204232 -0.6780795079144973 0.45799702570833356 1.6250474885239787 -0.7601224503201686 
0.9346702427561309 -0.19770258007030803 2.111494982291371 -0.1865775073286697 -0.7056348067374538 0.4598094488515361 1.6310418034246685 -0.771521097941424 
0.9392957190983089 -0.22836042593612377 2.1126113070127657 -0.21594329690770636 -0.7569075227983253 0.4398831921169866 1.615287212453246 -0.8050379124879716 
0.9942241499200702 -0.21075844195787904 2.1618764367352257 -0.1969078767440001 -0.7615365754333402 0.46871016019168354 1.648258814202417 -0.7901949951308721 
1.0073181719626574 -0.23715300743272713 2.1670185943780313 -0.22171796374137073 -0.8118844523661576 0.4540615815447241 1.6377097823058757 -0.8192358814620168 
1.0135580005174136 -0.27267987925987114 2.162890362518197 -0.2554988138334088 -0.8731914379485958 0.4308313079646032 1.6185145763923918 -0.8572823130203896 
1.0613653935716916 -0.26902656467587277 2.1977964873860185 -0.2499265173071577 -0.8972444466830328 0.4473636159008609 1.6389966481188363 -0.8560065148111494 
1.0840101777601814 -0.29302123253178414 2.204905103175261 -0.2718168250573637 -0.9509613344931506 0.4368644859036416 1.6323396178820033 -0.8822200033892177 
1.128057411992463 -0.2981800594998986 2.230700484600037 -0.2746724014276029 -0.987932463722756 0.44585446538583057 1.6450400266630885 -0.8894208212267891 
1.1758892620242238 -0.3021789996785254 2.2575113445041186 -0.27615449132479425 -1.0258854608924466 0.4566971279724454 1.6594356754187602 -0.8952651851239787 
1.1886979416052164 -0.34385381468756837 2.246510845372222 -0.3150828378721454 -1.1036770775825548 0.43059929419145127 1.63670571584188 -0.9385673850105488 
1.2580051237031982 -0.33167332544084577 2.2892433698887165 -0.2999088109212749 -1.129757372949061 0.4591380542666365 1.6683975322443318 -0.9277728935528589 
1.3092558260965899 -0.34013844680925703 2.311225495790153 -0.305114306748598 -1.178559281315722 0.46786203381980046 1.6800278542925207 -0.937357246995567 
1.3107831508952907 -0.40081139222227513 2.2809167943208895 -0.36224080509145207 -1.2815187407780018 0.4252625174913478 1.6400537144755145 -0.9988550835092109 
1.389491247251803 -0.3866285998714099 2.3254069066783294 -0.34420213432320473 -1.3113800058368903 0.45846088084778563 1.6755596995193078 -0.9851728899701908 
1.478759443053137 -0.36399540224312515 2.3783208822893744 -0.31737896570168106 -1.3342854398695492 0.5011143107693602 1.7201634748004049 -0.9626834782464001 
1.46944739332745 -0.44178343702465694 2.330821785811042 -0.3906160340735467 -1.4587720867498457 0.4444188179598998 1.6650185843361354 -1.0402231885219027 
1.5602905920259758 -0.4209419715885209 2.381999404815247 -0.3648332567961658 -1.4853872572602376 0.48749837065041707 1.7092033545207388 -1.0187029915846975 
1.6110297051309297 -0.44137968279678064 2.391988519675418 -0.3799072925046645 -1.5535801907761695 0.49052360838628806 1.7128393598786702 -1.0379900318795496 
1.6797558484137998 -0.4446341354352712 2.4192994945463058 -0.3773407834061673 -1.6043867500268392 0.5120428922477294 1.7344222070194921 -1.0395768551936349 
1.7144776547460632 -0.48232186977359426 2.412368279904476 -0.4087121926591095 -1.6888988634190083 0.5005327792595766 1.7223717250687134 -1.0750312327300087 
1.7853482421850695 -0.48392930898884573 2.441765615403911 -0.4034664495992997 -1.7360769424107392 0.5266077065124667 1.7472413496102506 -1.0737867945386987 
1.837645867952408 -0.5038488890149951 2.453161028199424 -0.4159508087147673 -1.7998072584166676 0.5359844759300919 1.7546822940003608 -1.090178878426293 
1.9130059842407026 -0.5001610862053287 2.488540946880372 -0.4041966028733539 -1.8377025904194728 0.5707008540172931 1.7866618272753307 -1.082226275077214 
1.938314702934856 -0.5457512087077142 2.4750920579248814 -0.441035764185611 -1.9222331710943035 0.5579994053266645 1.7703467849611392 -1.1227477430085413 
1.9834820108333453 -0.5705421086468349 2.4829687369765665 -0.4563332801934209 -1.9829680870964626 0.5680953804234535 1.775871144750342 -1.1415944612979207 
2.0324878711728345 -0.590449791538862 2.496337563618422 -0.46594257645207154 -2.0355340190106834 0.5852216509137838 1.7873806755997848 -1.1546054114110471 
2.093103935583277 -0.5976597868486982 2.523101035441047 -0.4619817092467863 -2.0718898597502555 0.6173527851019217 1.8127567760959635 -1.153883572138092 
2.148512561297128 -0.6090034470048012 2.5465212870786993 -0.4612095621448204 -2.108697542703711 0.6478290397306797 1.835240307942357 -1.156172121618195 
2.170597452177832 -0.6526607905439896 2.538517163263307 -0.4917286965791583 -2.174017045490313 0.648653576437807 1.8267287738968843 -1.189557296936042 
2.231777252883943 -0.6563194085735564 2.5715050814478793 -0.4811444200598152 -2.1954563775120968 0.6923332853484467 1.8596172760577592 -1.18162747518484 
2.250725807590837 -0.7014463904250654 2.564126671111646 -0.5108370839735068 -2.2544345814575824 0.6976061343746007 1.8525262420025352 -1.2137454882658547 
2.3010354010084746 -0.7146174003036756 2.589918987590865 -0.5072918121463901 -2.2775026796317346 0.7381107555145181 1.8789717170440006 -1.2123783729203121 
2.293368101038728 -0.7853580245112625 2.5594720961556354 -0.5599408634291351 -2.3541782172346717 0.7245429573171395 1.8495230187560712 -1.2669397595868508 
2.3535681539259325 -0.7880244996638606 2.5985468170527968 -0.5430458365369963 -2.358820826458757 0.7827718271310358 1.8899205449251264 -1.2516721086646667 
2.3997877527483285 -0.8046714288812659 2.6252049138304567 -0.5385674337643594 -2.3734965726028547 0.8309675600249188 1.9182060176727407 -1.2485165111639236 
2.41409243930083 -0.8534400665666056 2.6214180274581165 -0.5645564799842157 -2.4163647120605614 0.851207159972771 1.9163314666841933 -1.2755037505310798 
2.416384713926227 -0.9146283952374569 2.606994020377786 -0.6012275317166477 -2.467748068453693 0.86339652289371 1.904085616085438 -1.3128279608257583 
2.453728553123073 -0.941360092599013 2.6289035416368147 -0.6016322640350774 -2.4808040601345094 0.9145915841845323 1.9284204865117887 -1.3135200694251972 
2.498189116252842 -0.9617379482049215 2.6591212102176733 -0.5938182371194469 -2.4836818239449463 0.9768328613065176 1.9612926098607897 -1.30560662648587 
2.510699558879368 -1.0149697399982895 2.6584934437393497 -0.616961014216718 -2.5156532615647373 1.0110054631804584 1.9635308842659744 -1.32824199335306 
2.554755593145366 -1.0376659916022435 2.6904336707472787 -0.607668891744474 -2.513417142083599 1.0805255202438084 1.9985318078559735 -1.3180131510895574 
2.5554311759477417 -1.1048164685201471 2.6799383910345327 -0.6409667760745603 -2.552082688779198 1.1103469484759194 1.9912755560755566 -1.3499236640931973 
2.566132339145589 -1.1630288485538172 2.680341167599004 -0.6635421224105952 -2.5784154789637084 1.1537063606959617 1.9950799864945035 -1.3706397146368197 
2.6206450492591484 -1.1784743462778675 2.7253604937812517 -0.6416969912878419 -2.558789643886059 1.2441630868725586 2.0436485149583206 -1.346442264251584 
2.6200648911139237 -1.24995334561963 2.7160293744458985 -0.6744183829799623 -2.5922584758430403 1.2825233868997792 2.0379997022420384 -1.3762975025850026 
2.6456465617672333 -1.2960439884449493 2.733544642067461 -0.6805288281979344 -2.5977053804672656 1.3496881923655608 2.0593165723559355 -1.3790075623969973 
2.6774220017395525 -1.3364857542661175 2.757884861129099 -0.6800683810472765 -2.5952262899387204 1.4252743683176583 2.087564516189699 -1.3745926468409368 
2.668713933186388 -1.4176718494735403 2.742323610300873 -0.7197812243151288 -2.6316167249600273 1.4621369395409733 2.0760045702299728 -1.409777779150891 
2.684434811369958 -1.4743605119605585 2.7517281633990613 -0.7348168658280525 -2.642073468126628 1.5246821967783897 2.0894920916115933 -1.4196941533548657 
2.6989173250924274 -1.531858594159447 2.760389715384544 -0.7508997796149598 -2.652364690904089 1.5867168171130372 2.102306976009658 -1.430048939411707 
2.7578625756637303 -1.544090167901358 2.8139712904560863 -0.7223813551120881 -2.6168823892769173 1.6934172899920132 2.160101555667554 -1.3951774054065953 
2.723429409439282 -1.648525067388198 2.7745968123903917 -0.787150674904606 -2.673553642755748 1.706440759714093 2.1249896579420353 -1.4529538763795125 
2.7517154595119817 -1.6887150023713424 2.7983318960534254 -0.7891535631351045 -2.666360134655119 1.7814254218855565 2.1530273835087055 -1.4473109706240743 
2.735253880172335 -1.7718115798840377 2.7776803457205395 -0.8358959204575122 -2.7028419462880557 1.8105024742068534 2.1367095900735533 -1.485743127616534 
2.7819778785452223 -1.789612885516798 2.820548465676046 -0.8194792420911994 -2.675133518920741 1.9012705299894956 2.1839341872582865 -1.4603423219365745 
2.843199120572729 -1.7905919137010087 2.8782232606333884 -0.7886222440074467 -2.6319857059777987 2.004778286066264 2.2459803203864195 -1.419819885505079 
2.816736875293225 -1.8767699827423157 2.848501389812796 -0.8455317365567984 -2.675637052178878 2.0186528277850098 2.2206373071812116 -1.4663775742011833 
2.809496619868036 -1.9411369310187658 2.8382675966834583 -0.8833240272517604 -2.6992355784325306 2.0496733569730488 2.214783049545056 -1.4931291567821021 
2.8107665860759368 -1.9943504594008998 2.8367910944296675 -0.9127283769210056 -2.7135425934526785 2.087060124862015 2.217680400630483 -1.510804046006363 
2.847046596213299 -2.0099012394739257 2.870554254285594 -0.9072581668663521 -2.692104186080558 2.1572941919904407 2.255805834486408 -1.4929186248033008 
2.8363414579051436 -2.0698124389824764 2.8575458653795645 -0.9489175135673976 -2.7169581308390165 2.178401355943777 2.2471426870477096 -1.5214829988606546 
2.827772147841299 -2.125021201090722 2.8468721952100147 -0.9885901072763961 -2.7390229787615534 2.1995542658341387 2.2407921977060226 -1.5473899465435785 
2.912498425932904 -2.0844490014693973 2.9296794913593667 -0.9351166394686138 -2.6671756940222084 2.311986867244179 2.327895992172385 -1.4794924255944195 
2.8397138078696846 -2.199000319914517 2.8551488515610406 -1.0392998974991432 -2.7522569103324503 2.2649823629362547 2.2576309338403946 -1.5686087095712988 
2.9489033307058152 -2.1292993845958215 2.9627538959196937 -0.9616470977806654 -2.654813374324208 2.3981251972303546 2.3694667775328226 -1.4752647203134746 
2.915948981233339 -2.1995801809118136 2.928366110261756 -1.0262645929973566 -2.6989927078931366 2.3874018843711364 2.339271494681492 -1.5235886875568767 
2.91195703134012 -2.238855453013027 2.9230821040817587 -1.062030713477787 -2.7137162469176213 2.4040248046729755 2.338138513469004 -1.5424838923444888 
2.96174781466445 -2.2224240820801553 2.9717133167173055 -1.0441062115039967 -2.674189423531905 2.472919350024849 2.3908764076191784 -1.5071389607162597 
2.961085111727647 -2.254639565976992 2.970015338307007 -1.076705142987144 -2.6846725261426587 2.489951426884478 2.3932382004359622 -1.5217985412468118 
2.978498340258674 -2.267086287719899 2.9865100416692 -1.0912729897334645 -2.6766586417304246 2.523748363753289 2.4137434802661493 -1.517941170418616 
3.0097826696266377 -2.264078342296899 3.016985643489786 -1.0919869015230654 -2.65437366266634 2.57019820972466 2.448178445804356 -1.4997792075688139 
3.002707749516435 -2.2979501310657517 3.0092053844729056 -1.1310473641680792 -2.670067668952853 2.5771580023174967 2.444304570917328 -1.5195501498817119 
3.0227721722460186 -2.3033015175383658 3.0286619474143106 -1.1429241686803577 -2.6582605674389748 2.6102080323817805 2.4676130079645744 -1.5117622085905744 
3.0567342929189083 -2.2934668479612057 3.062108236992316 -1.140826050278859 -2.632211364677807 2.6561826572040728 2.5048553534217697 -1.4896635227137356 
3.0516923169176238 -2.321434868363916 3.056637430420008 -1.1776210793191166 -2.644838164701606 2.6622505142908124 2.5031236849570435 -1.5061621012964987 
3.0880460131805494 -2.306887132866978 3.092644657072931 -1.1728754363114562 -2.6157565339793245 2.70887645059968 2.5428122280763277 -1.4808641361542159 
3.0725144495987857 -2.3431804704246395 3.0768447031313184 -1.2198361647442086 -2.6382618378605476 2.7028395306998116 2.5306350483747577 -1.5070562891806667 
3.07199688227598 -2.3634863502817725 3.0761328727104544 -1.2515707599254495 -2.645468417342452 2.711094231320108 2.5334869008620973 -1.5178448228445 
3.1478305677451752 -2.306533355956593 3.1518427743293143 -1.2067098150752669 -2.5760518375901933 2.7950285737704283 2.6127010052036423 -1.4518978051126528 
-3.1512342505934052 -2.340447193680125 -3.1472787162393527 -1.2532871573589048 -2.5980886502416918 2.7866247401889392 2.6002093050880237 -1.4772848306595892 
-3.167240784662591 -2.373698669870529 -3.163277919786237 -1.2996879121104008 -2.620004115852556 2.777511719072151 2.5875947655820264 -1.5024247045625632 
-3.129628299996892 -2.3525947493708954 -3.1255969718011722 -1.2921396088360415 -2.588063006646166 2.82147485458696 2.6286005884995416 -1.4735762085067063 
-3.0801113108375637 -2.3188992732169136 -3.075953035799052 -1.2723329088025852 -2.543990074220217 2.876835711773391 2.6815097613041083 -1.4324585340222913 
-3.0677124679082954 -2.321680820473911 -3.0633712078583306 -1.2892694396866822 -2.5368176707083556 2.8946047674160207 2.6972974511981316 -1.4280988711343796 
-3.037386269056559 -2.30593668517093 -3.032808242691359 -1.2878857096309548 -2.5115094969476095 2.9298579523879935 2.731007270982672 -1.405456125866247 
-3.0107661787587827 -2.2933402459452705 -3.0058996873663 -1.2898003802981706 -2.489707756731211 2.9609897664918563 2.7610041377275425 -1.3861680455746115 
-2.988088594004414 -2.2841651654490405 -2.982883860305875 -1.2952383387283353 -2.4716571548983564 2.987789528654613 2.7870502866058513 -1.3704751897734953 
-2.915566965922631 -2.2246597289409307 -2.9099759850266036 -1.250404880939632 -2.403579048839012 3.064067453833596 2.862931130408351 -1.3045950559359278 
-2.9562789029307512 -2.2779341482602264 -2.950255304488196 -1.318372837652688 -2.448558579387139 3.0267677317900215 2.825568138846806 -1.351609186163157 
-2.92246059929716 -2.256255175729842 -2.915959520028132 -1.3113769913770057 -2.418839125171381 3.0636742648936064 2.8627243936502005 -1.3237575987111854 
-2.910938978584484 -2.2564784182537876 -2.9039169444217876 -1.3262461801446843 -2.411254470048791 3.077978676601517 2.877572429892373 -1.3178709339250867 
-2.8557831015744397 -2.2126999020900247 -2.8481979187372994 -1.2970546435333439 -2.359880233368031 3.135629042125094 2.9360428138610937 -1.2680218642559244 
-2.815453562218388 -2.1834056127548997 -2.8072642165907613 -1.282271340563643 -2.3231832867376436 -3.1050046883502356 2.9796747338424896 -1.2326744919675827 
-2.803394525867752 -2.1820636652248315 -2.7945610901118303 -1.2953518995852977 -2.3146138116729147 -3.090981384025992 2.9950239494906628 -1.225276388841669 
-2.7626305487199936 -2.151721244258866 -2.7531140966062644 -1.2793353446243794 -2.2772021371652986 -3.048497291078765 3.0390659607763806 -1.188855416861827 
-2.713397064373002 -2.1126352015841734 -2.70315959185443 -1.2544744891984223 -2.231189243165474 -2.9977751948593037 3.091565510556719 -1.1436502158083917 
-2.6967258683902378 -2.105857641647784 -2.6857302209900964 -1.2618213331289152 -2.2176122609713937 -2.979835124450465 3.1114910898028705 -1.1306956886969666 
-2.6702081009567684 -2.088998996762018 -2.6584179070777783 -1.2589899665412754 -2.1940674706821435 -2.9522572558075 -3.1419333618296004 -1.1075859851661083 
-2.699534792205808 -2.1277686569143732 -2.6869144020028717 -1.3116970492203786 -2.22625086037025 -2.9807223845281094 -3.168027781641984 -1.1400150474131934 
-2.604028363069499 -2.0415065477303256 -2.590542792559751 -1.2392932612578516 -2.1334896398922427 -2.8845433604586592 -3.069299336340614 -1.047308111546587 
-2.548000883936333 -1.9945414594506092 -2.5336157640487085 -1.206121529878412 -2.0801005116795577 -2.828023285832359 -3.010059460026995 -0.9937799666463205 
-2.515558251278494 -1.970995287612002 -2.50023978157084 -1.1963211947708006 -2.0501938587268738 -2.79525963657276 -2.974413345627859 -0.9635391317021913 
-2.498508452437488 -1.9626913560948298 -2.4822233592325547 -1.2017362838663364 -2.035582020014746 -2.7780524764735137 -2.9541682169136876 -0.9483961206194734 
-2.438045535989682 -1.9108384403857586 -2.420761034702392 -1.1635995183628203 -1.9774632708316697 -2.7175883812468333 -2.8905173057415907 -0.8895474127122083 
-2.4227599130718147 -1.9040411168181037 -2.4044436745191344 -1.17054267338852 -1.9644321334146742 -2.7024506974357534 -2.8720501599344135 -0.8755857540593072 
-2.429481172959478 -1.9191426214232834 -2.41010129346121 -1.1994394782516364 -1.97332220123627 -2.7094623191385017 -2.8755954651182 -0.8833429730086549 
-2.32178817868039 -1.8197349844774935 -2.3013131537743603 -1.1139158223216625 -1.8677162427506049 -2.602195748018742 -2.7647311463263686 -0.7764000756005128 
-2.3678441400695855 -1.8739941384177605 -2.3462428416781727 -1.1821849637689992 -1.9157812820333913 -2.648808133733925 -2.807619446801835 -0.8229223183042339 
-2.284540857820635 -1.7988241929163302 -2.2617825147174906 -1.1211919339924523 -1.8344128498939836 -2.5661854880909774 -2.7211511775729575 -0.7398034516068965 
-2.254036156961873 -1.7763948957479592 -2.2300903383980755 -1.113151154745358 -1.8057724239097945 -2.5364800911404735 -2.687483156251829 -0.7092031528650339 
-2.1974998520315285 -1.7278876219031574 -2.1723364543894546 -1.0792926079077105 -1.7510333996754257 -2.480856431289678 -2.627784177346204 -0.6522929906733426 
-2.1428556253472 -1.6812372724983355 -2.1164448616980907 -1.0476039357699245 -1.6981229746779472 -2.427233060658239 -2.5699768954958544 -0.5969983021237388 
-2.164913059239152 -1.7112643244868049 -2.137225451686859 -1.0929627075696708 -1.7218541856814382 -2.450414606393887 -2.588869862516204 -0.6181302238000669 
-2.122767492096127 -1.6770747011354243 -2.0937738667948356 -1.0745365148871728 -1.6813257694810806 -2.409491607662133 -2.5435573881094267 -0.5747855463310455 
-2.113204520423319 -1.6754642855668342 -2.0828760051612987 -1.0891877080752252 -1.6733266692361373 -2.401245000390404 -2.5308240464523086 -0.5637512146730235 
-2.048544960494952 -1.618763891036728 -2.0168529847395598 -1.0493185736632733 -1.6101809999722154 -2.3379910632434875 -2.46298964225119 -0.49734928767494646 
-2.031365193503988 -1.6095596119251097 -1.9982814908054367 -1.0575918583361252 -1.5944683971618767 -2.3223017486393407 -2.4426295601727728 -0.47815728079624964 
-2.01733659266996 -1.6035322539708166 -1.9828332053226465 -1.069770313729925 -1.5818634468497168 -2.3098440971831784 -2.425414196116323 -0.4618475904048387 
-1.9906708186240851 -1.5849026301314395 -1.9547201044847724 -1.0701620167542658 -1.5565809836451439 -2.2848255217650215 -2.3955542566494756 -0.43263278593875265 
-1.9697420699653199 -1.572053809022603 -1.9323167113271564 -1.0772425116693327 -1.5369983434796444 -2.265616048148126 -2.371423013502852 -0.4088878567877465 
-1.947067286334125 -1.5575113133438245 -1.9081403007544049 -1.0836347197860894 -1.5156355684776583 -2.244728509335247 -2.3455365104703545 -0.3831304112023197 
-1.9268921798500074 -1.5455291442005965 -1.8864369328278903 -1.0936944286665122 -1.4967414397889947 -2.226404569504423 -2.3221395985600157 -0.35960670303531117 
-1.8895454313460722 -1.5164439678254937 -1.8475356507440952 -1.087863619524955 -1.4606476748174742 -2.1909689138972923 -2.281560135826122 -0.31864582270659303 
-1.8649852928725625 -1.5002217062490306 -1.8213950849729201 -1.096215782456614 -1.4373155303191325 -2.168375846085084 -2.2537555933509354 -0.2902062938185388 
-1.8755280087757058 -1.5191859443175517 -1.830331875858888 -1.141182527191907 -1.4490642236776685 -2.1809377048740424 -2.2610414796775635 -0.29660448768270903 
-1.8270877201787952 -1.4792578179914517 -1.7802605795083906 -1.1287910409888082 -1.40181083718571 -2.13456476563422 -2.2093312485151326 -0.24375452053737134 
-1.8443102549882986 -1.5050897861714794 -1.7958274590816408 -1.1837946823406589 -1.420204107456804 -2.153899028132176 -2.2232700918323984 -0.25630203553004227 
-1.756135164271985 -1.4256276470466647 -1.705972522331935 -1.135230971915222 -1.3331864608178652 -2.0678762516723452 -2.131796979179308 -0.16318623026230844 
-1.7902775055520044 -1.4685922996780247 -1.7384113059305903 -1.2108984175343975 -1.368475795228691 -2.1042077380472834 -2.162626443771301 -0.1921216303892557 
-1.769989271537129 -1.4572411495408137 -1.7163963050970712 -1.2341120737048255 -1.3493269072574727 -2.0861417607771107 -2.13901001385184 -0.16635950774647465 
-1.798914941776651 -1.4952236357362387 -1.743572526012122 -1.3085524184891566 -1.3793870416008145 -2.1173191180752546 -2.1645917668065078 -0.18954342043565459 
-1.7719257304829608 -1.477415453379967 -1.7148117342562932 -1.3290923710234042 -1.353530136402794 -2.0926073827401668 -2.1342425792662167 -0.15654344806445858 
-1.7311134100436132 -1.4459123509820089 -1.6722062787901957 -1.3377837611295516 -1.313850643903047 -2.054094728444321 -2.090053952710708 -0.10945000161083061 
-1.716778040280429 -1.4410178332036128 -1.6560568215298193 -1.3748382144213696 -1.3006512564824475 -2.0420776624260593 -2.0723257446201724 -0.08856153791993959 
-1.7016638990126136 -1.4354790649106572 -1.639108268070002 -1.412857567855033 -1.286678833676433 -2.029296960086837 -2.053802100722427 -0.06662047434346081 
-1.7023886766069725 -1.4459160396028088 -1.6379789622356784 -1.468259816362176 -1.2885535928542622 -2.032366864119999 -2.051100651009373 -0.06024236615999118 
-1.6836960700412498 -1.4370741481723546 -1.617413279984013 -1.5055316535555747 -1.271021699107781 -2.0160276836376405 -2.0289651050398407 -0.034168482262410066 
-1.687503080549055 -1.4508714525178386 -1.6193289267235125 -1.5662796450932523 -1.2760025584380807 -2.022193097302308 -2.029312550588891 -0.030313083145879154 
-1.7011310988085588 -1.4746297484557696 -1.6310480220106935 -1.6374694573656106 -1.2908198982246866 -2.038181244361927 -2.039464539598055 -0.03599448513088088 
-1.6619421592494377 -1.445710800004804 -1.589933353197875 -1.656074298863172 -1.2528380165767488 -2.0013509850968907 -1.9967833429941122 0.011428707623085486 
-1.6387970327639014 -1.4329744148399526 -1.5648464673178923 -1.690548389139263 -1.2309198698796042 -1.9805599998982235 -1.9701300436563145 0.04309953403501279 
-1.642824420999665 -1.4475476246099226 -1.5669168643844578 -1.7516133122205368 -1.236196261744737 -1.986933990086897 -1.9706337307051256 0.04789350676701144 
-1.6695081052744372 -1.484911823666224 -1.5916291451495455 -1.8343623738698231 -1.2641529864352816 -2.0159538334456077 -1.9937786481484019 0.03033148957319938 
-1.6278902611753416 -1.4541060777596755 -1.5480263243840593 -1.8474794308387512 -1.223834137865576 -1.9766589054584056 -1.9486075089461696 0.08137641022516519 
-1.6696247568024682 -1.5067804211270468 -1.5877631276448196 -1.942304578586931 -1.266895402171232 -2.020700384149966 -1.9867747924522934 0.049379990985155484 
-1.6327035803700245 -1.4809222881039414 -1.5488324172463026 -1.9565689548080292 -1.2313304796026314 -1.9860676841720173 -1.946273170947171 0.09635635081298458 
-1.6062529286725848 -1.4656526111403114 -1.5203612789506418 -1.9791949317837487 -1.2062671672906042 -1.9618845515803278 -1.9162295967711256 0.13318594766159067 
-1.6370463021237265 -1.5077389312285054 -1.5491241150902757 -2.0568093546045305 -1.23848044863446 -1.9949221649480469 -1.9434183957696314 0.11310251497183721 
-1.6364160462233501 -1.518506960824344 -1.546454183987719 -2.1006519830484924 -1.2393040292128203 -1.9965106826133923 -1.9391728069121266 0.12478155227498391 
-1.5794633728212049 -1.4730506327634292 -1.4874536190491974 -2.0857800925009746 -1.183840352629849 -1.9417492693745955 -1.8785950014591235 0.19313033623672946 
-1.5879186111093124 -1.4930923851410263 -1.49385367747504 -2.133921925251036 -1.1938208462751587 -1.9523663525144854 -1.8834163316191075 0.19642770183655597 
-1.5679366147270566 -1.4847786084683012 -1.4718101449817775 -2.1512647469171813 -1.1754013234268605 -1.9345150334929422 -1.8597927350894807 0.228528666836439 
-1.6316724834931828 -1.5602554134364364 -1.5334790550622217 -2.25002331107946 -1.2407377002572626 -2.000348813781073 -1.9198804540078673 0.17728874045835513 
-1.5882824798311743 -1.5286695990584587 -1.4880176028628185 -2.239434055119294 -1.1989869078521167 -1.9590225148687814 -1.8728369483938634 0.23356303551594543 
-1.5872070710055681 -1.539451751896648 -1.484867184809404 -2.269032217780856 -1.1995899304039714 -1.959975323534316 -1.8681039352138804 0.24792325205260657 
-1.5235285878345664 -1.4876739665223961 -1.419111054660816 -2.2340044815179576 -1.1376294602860557 -1.8982884530182138 -1.8007650437508598 0.32530004082614505 
-1.5903546513573554 -1.5664333380673352 -1.483857747483426 -2.3275682979574226 -1.2062133215237154 -1.9670685715633394 -1.8639292387749749 0.272599593977824 
-1.568252263157924 -1.5562861218576414 -1.4596751672633408 -2.3304027314348836 -1.1859085574007944 -1.9468818940122725 -1.8381649072358845 0.30926956578410925 
-1.5712378696255993 -1.5712378696255993 -1.4605806484517043 -2.356636033023048 -1.1907314925132344 -1.9517442467379642 -1.837489918776525 0.3213090115659393 
-1.5353169558953317 -1.5472830971956144 -1.4225805472014423 -2.3423833879543228 -1.1566873250409833 -1.9176606616524614 -1.7979112158320305 0.3727287870926167 
-1.5700785937398034 -1.5939999070298227 -1.4552647865827806 -2.397340147507693 -1.1933646735338195 -1.9542199235734434 -1.8290193576070626 0.35395698198340425 
-1.5722975511234516 -1.6081521724356218 -1.4554089635027072 -2.418383048166235 -1.197537685939805 -1.9581966786719622 -1.8275906256633005 0.3682367768384552 
-1.5509658823781023 -1.5987212014870225 -1.4320059363028572 -2.414601244749458 -1.1781976298493553 -1.938583022979699 -1.8026186100987442 0.4065948022229798 
-1.5094762850935 -1.5690891658662147 -1.3884491791434115 -2.389479365484033 -1.138736250055892 -1.8987718570725576 -1.7574975624341558 0.46565771011900203 
-1.5202301442386146 -1.591647214295361 -1.39714082370263 -2.4155054452465894 -1.1515538139507244 -1.9111649274745348 -1.764630435744504 0.4730440336537619 
-1.5568715335304135 -1.6400295397891689 -1.4317256582217428 -2.4664049553244594 -1.190293114764528 -1.9494068248306096 -1.7976628820737905 0.4551300610399031 
-1.5731943598388987 -1.6680205858071848 -1.445998269696228 -2.4960480747605485 -1.2087466184337257 -1.9672921246730524 -1.8103903929433351 0.45814253355009577 
-1.517288845463718 -1.6237015855214945 -1.3880495240600923 -2.452596366582383 -1.1550029489103273 -1.9129118656550745 -1.7509047778095037 0.5340119680259959 
-1.508655892209343 -1.6265649776083482 -1.37738092830043 -2.4556173788226445 -1.1485612558193008 -1.9057679092198727 -1.7387085244177634 0.563258055158847 
-1.533001949700894 -1.6623093205961141 -1.3996994969535703 -2.4908797747795206 -1.1751260868765727 -1.9315678031901604 -1.7595096635141663 0.5601945062504576 
-1.4832233958056202 -1.6238237133378937 -1.3479021308558725 -2.451337987140543 -1.1275917728978773 -1.8832091571876 -1.7062061457972029 0.6319443359485872 
-1.5244641628436044 -1.6762454551096866 -1.3871332418396047 -2.5021901201075396 -1.1711000590416107 -1.9258372636109966 -1.7439434648104433 0.6133818431380116 
-1.5016923104135147 -1.6645366460889353 -1.3623613242053514 -2.488454793639665 -1.1506166830660165 -1.90442166504475 -1.7176912266172915 0.6595555859160434 
-1.5159449029858747 -1.6897290864015408 -1.3746238311278 -2.5112162834099543 -1.1671762587028116 -1.9200010262956404 -1.7284880244245668 0.6694429906212817 
-1.4850474721064482 -1.6696437537146605 -1.3417466358406174 -2.488344233373488 -1.1386017439352767 -1.8904025909456028 -1.6941608980102976 0.7252303151311393 
-1.4923853124484954 -1.6876621088382378 -1.347115326841051 -2.503265188434102 -1.1482757433612634 -1.8990134717034233 -1.6980966272058284 0.7435407198377316 
-1.4859508802861723 -1.6917734982101211 -1.3387226056871566 -2.5040102148993384 -1.1441879131518502 -1.8938280431704695 -1.688289128014374 0.7763861836806291 
-1.4663284927533586 -1.6825598519979923 -1.3171529857514324 -2.4911998068279306 -1.1269196669059063 -1.8754326354260484 -1.6653241497386693 0.8231820768530056 
-1.517581112013573 -1.7440824623663613 -1.3664695760548349 -2.548930862571176 -1.180530966460204 -1.9278923125974443 -1.7132660572502405 0.7998596207438259 
-1.43488214841776 -1.6715137764489774 -1.2818458842552432 -2.4724086660564897 -1.1001921316645078 -1.8463826705287352 -1.6272896324824802 0.9112333209715561 
-1.4246232668363452 -1.6712451887052404 -1.269673622973033 -2.468054857662855 -1.0922916532399547 -1.837297637769814 -1.613787879337879 0.9508924147817197 
-1.4055241922640413 -1.661996829268205 -1.2486725155476237 -2.454617391565485 -1.0755460047510152 -1.8193592760167516 -1.5914818281104979 1.0000903675929629 
-1.4338018118290605 -1.699986645931017 -1.2750593983511889 -2.488339777520218 -1.106168750754837 -1.8487868771652411 -1.6165896365565746 1.0025751572483588 
-1.3998833962233954 -1.6756436033002116 -1.2392614426700108 -2.459674430963795 -1.074583774077766 -1.8160101800213768 -1.5795398106299752 1.067875562196702 
-1.39226122160455 -1.6774622806661534 -1.2297707771970623 -2.4571374133328043 -1.0692799032038411 -1.8095239877451161 -1.5688258259317134 1.1074462133927263 
-1.3834991843529278 -1.6780094614559224 -1.2191511035127023 -2.453315155812068 -1.0628175320957218 -1.8018947784330945 -1.55701274225561 1.1486608573172545 
-1.3607753650176493 -1.6644666710580616 -1.1945802608785154 -2.435407123633717 -1.0423711887190468 -1.7803032651934858 -1.5312797675596626 1.2042699092790583 
-1.3656106084746318 -1.6783587304709462 -1.1975788073600935 -2.4449544886937757 -1.0494581192346493 -1.7862729727542872 -1.5331488383830392 1.2326722575925226 
-1.3898144601465439 -1.7114996660205235 -1.2199559571201415 -2.4737861510293087 -1.0758842276512648 -1.8116161704698572 -1.55443055655356 1.241969994946981 
-1.2882919513456634 -1.6187994685709837 -1.1166163669345852 -2.3768256028595673 -0.9765508639453032 -1.7112406547997832 -1.4500309752413922 1.3771625855065057 
-1.3078619975775816 -1.6470824663944008 -1.1343785357613207 -2.4009093996206623 -0.9982732244337039 -1.7319681451090763 -1.466769998191076 1.3913296887753477 
-1.2605925571323922 -1.6084224593197365 -1.0853099646800293 -2.3581223858624805 -0.9531155116769666 -1.6858694401254772 -1.4167165394523367 1.472297460282681 
-1.3445087107106604 -1.7008507751688144 -1.1674352379423345 -2.4465058372498127 -1.039099014612324 -1.7709724958086976 -1.497896604350526 1.4219321191587853 
-1.2530831639817832 -1.6178467506053142 -1.074226527022214 -2.359548021015231 -0.9496926107692618 -1.6807529265352124 -1.403783793587712 1.5466512176761047 
-1.2375712984352814 -1.6106727619558598 -1.0569386430198633 -2.3485193006320815 -0.9361478158840614 -1.6664690549638785 -1.3856343558283482 1.595090414825425 
-1.231088896453469 -1.6124519321028798 -1.0486867633406125 -2.346549911004835 -0.9315765067990537 -1.6612396365144817 -1.376564914691428 1.6340275513461187 
-1.1956064901771104 -1.58516246316741 -1.0114407822141447 -2.315624354080887 -0.8979452671759872 -1.6270382080335761 -1.3385468197143988 1.7013900018624706 
-1.1782467707583628 -1.5759350317010796 -0.9923227216426433 -2.3028788517771535 -0.8823727925755576 -1.6109904972440383 -1.3187035578770845 1.7499588003588558 
-1.123275147118113 -1.5290433356107578 -0.9355972918898872 -2.252591945606712 -0.8291204439771767 -1.5573649820970543 -1.2613013147970522 1.8353793951084598 
-1.1147812445808263 -1.5285855832799704 -0.9253533918801551 -2.2488660336184028 -0.8222737400676088 -1.5502543904010702 -1.250430475964399 1.8734812036624409 
-1.0773280949468313 -1.4991336765257097 -0.8861533010633353 -2.216276596422868 -0.7863915398114782 -1.5142248912889427 -1.210654819571257 1.939629194667888 
-1.067726135755608 -1.4975072052138314 -0.8748066804971614 -2.211646230248104 -0.7782800330070724 -1.5060900962783448 -1.1987855186856704 1.976950374279297 
-1.072157302963661 -1.5098975378201471 -0.8774946673684142 -2.2211687714152832 -0.7841168229965766 -1.5120351541508432 -1.2010052369902082 1.9992099039612077 
-1.0173582770893128 -1.4630510680500153 -0.8209531230046244 -2.171592572433763 -0.7306341615233068 -1.458799999704359 -1.1440513781352981 2.0796278133392585 
-0.9498556296894881 -1.4035043644418363 -0.7517077812415481 -2.1094556767077033 -0.6643540825347541 -1.392914503247203 -1.0744512355708469 2.1716435941732493 
-0.9887673246101044 -1.450385677458969 -0.7888757515893082 -2.1538873464053614 -0.7043898892990655 -1.4334999752793565 -1.1113234972972548 2.1561142595487786 
-0.920507808733794 -1.3901200388621644 -0.7188706119232601 -2.0913131783073644 -0.6371512294756446 -1.366974261089896 -1.0410833402600728 2.2466086743010587 
-0.9164186605801656 -1.3940599217940803 -0.7130330590583138 -2.0930857760658133 -0.6339747264015656 -1.364682393632245 -1.0350730827451098 2.2717762283635383 
-0.8584522643575655 -1.3441689292618704 -0.6533145848103704 -2.0411684465346878 -0.5768076340872229 -1.308580272284217 -0.9752458623757635 2.3496624225808884 
-0.8038067811881048 -1.2976567828399304 -0.5969124492726406 -1.992770191940252 -0.5228427875237657 -1.2558696392242996 -0.9188006114383637 2.4230731279853046 
-0.7869432990937042 -1.2889964932966007 -0.5782868329018596 -1.9823628795121084 -0.5065357297553514 -1.2410152350234893 -0.9001992111286226 2.457556664408792 
-0.7735201720065967 -1.2838587235427912 -0.5630951776865671 -1.9756155988575983 -0.4935390258275729 -1.2296791437298047 -0.8851008349893588 2.4874687100893764 
-0.7088791529239488 -1.2275979491776594 -0.4966783225272789 -1.9178808122050715 -0.42918836856001 -1.167206932581089 -0.8188480866673552 2.567485453689759 
-0.6502339126449842 -1.177441008248908 -0.4362490242786615 -1.8663828889471021 -0.37069106738783264 -1.1108161778029968 -0.7586555234374558 2.640414408902098 
-0.643938731437482 -1.17975582778014 -0.4281606518139749 -1.8674868118101604 -0.36439470740145596 -1.1068651638602236 -0.7508783528521294 2.659925111615611 
-0.6109083869258107 -1.1554713505923022 -0.39332707641915304 -1.8421180779096495 -0.33120700163154476 -1.0762727794774314 -0.7164323258217804 2.7051286801085905 
-0.5618553604323132 -1.1153147849180363 -0.34245988076535766 -1.8009999168758635 -0.2818329585362867 -1.029755732689089 -0.666030948372501 2.7653401169419976 
-0.49890327265807477 -1.0614250879972482 -0.27768179736520493 -1.7462667368779623 -0.21838827526891402 -0.969441995835331 -0.6017989229842012 2.838464440412343 
-0.522854961490318 -1.0946210967817531 -0.29979478932120324 -1.7787322112614 -0.2416673691680165 -0.9961388933258764 -0.6245402323152616 2.8237282299589084 
-0.49794569342585354 -1.0791547976206053 -0.27303326487957796 -1.7626424972039694 -0.21589653857512245 -0.9740863237004781 -0.5984913568243367 2.856926090169164 
-0.4431998386049167 -1.0340680653473704 -0.2164207558100936 -1.7170329162881248 -0.1600905825446898 -0.9223134460237606 -0.542677956307109 2.9190636988908674 
-0.38470890080959863 -0.9854707635984278 -0.15604795099527313 -1.668005988235269 -0.10033077032329663 -0.8669167220171262 -0.48319290672832993 2.984079543297762 
-0.3699048674013903 -0.9808141718625172 -0.13934605023573132 -1.6630047826566536 -0.08403812504261898 -0.8553332789560852 -0.4674696573524293 3.0045713740825652 
-0.33732611309976096 -0.9586569737426809 -0.1048526722091954 -1.6405788225925086 -0.04973925494152036 -0.8261068272945986 -0.4340481421064218 3.042030139150299 
-0.2998645655939359 -0.9319125150574242 -0.06545902461472626 -1.6136312476919719 -0.010313439462088358 -0.7921348410746804 -0.39582195320223806 3.08359268434471 
-0.27569083806524264 -0.9187740375496573 -0.03933504162291577 -1.600343941963874 0.016082325414809966 -0.7715937062716517 -0.37096348213429364 3.111116511982948 
-0.2932283493119196 -0.9476889096426155 -0.05490350937191809 -1.6291516466373295 0.0010393026816660003 -0.7929128578476126 -0.387898048786442 3.096205572729353 
-0.21962772226039373 -0.8858331458277116 0.020685529653807582 -1.5672163487600583 0.0774227207284263 -0.7232491963861731 -0.3137783094786313 -3.111449510545748 
-0.2251633628613673 -0.9035081175318925 0.017158191305313503 -1.584823847377025 0.07497530959744632 -0.7328836864049796 -0.31888084600248623 -3.115726848849458 
-0.17071396888744766 -0.8616212058691479 0.07363623393039005 -1.5428642466545037 0.13283691853591095 -0.682701885971067 -0.26408668521828366 -3.06066568294025 
-0.1854831479738693 -0.8894065765292433 0.06091643260153206 -1.5705525551487058 0.12182403654668952 -0.7019145870799274 -0.2786019286160225 -3.0754458070355457 
-0.09536568760057412 -0.8127916204140864 0.15310430063385014 -1.49379493378979 0.21606367432837278 -0.6164241096281462 -0.18832403460592956 -2.9859391727228792 
-0.13619377709473476 -0.8676433609803631 0.11436785822713648 -1.548434892554826 0.1797473086402991 -0.6620705492036842 -0.229088053691024 -3.0279561317701873 
-0.09448754656314971 -0.8405191939975335 0.1581870832268566 -1.5210038006636337 0.22638052529212013 -0.6253823437630895 -0.1874171815118867 -2.987995991366514 
-0.04167029973661693 -0.8028823373572662 0.21313866691613373 -1.4829360872433759 0.28456798483201484 -0.5777915363539636 -0.13473800683429646 -2.937462259997203 
0.007712170886274232 -0.7693213797397225 0.26467668633431685 -1.4487885208629625 0.33979432348200833 -0.533853122464452 -0.08559984296443396 -2.8908819733727653 
-0.015166602120471398 -0.8087087169125321 0.2439744042764609 -1.4873983567289182 0.3232662013243725 -0.5624032709305052 -0.10883293141484075 -2.9170638899972685 
0.007732607882594611 -0.8030544490306852 0.26907062299908907 -1.48073692552428 0.35305892427983687 -0.5454129924691185 -0.0864020917702481 -2.8979521309409875 
0.0018040295549110238 -0.8270173539229059 0.26535897528348035 -1.5034202803197803 0.3546060235296575 -0.5574988722893065 -0.09291743407302203 -2.9081368806279615 
0.02927782025992654 -0.8184242543619079 0.29506883244957827 -1.4932282221316582 0.3901804712157982 -0.5364421873012281 -0.06615345410237171 -2.8853734693987168 
0.0691541171499386 -0.7983362700062239 0.3371993347987378 -1.4711701989158255 0.43882903604891316 -0.5032549025703149 -0.027115006032069653 -2.850648332631741 
0.06064273991235297 -0.8276094212197058 0.33095907153243126 -1.4980455513335424 0.43981230249322206 -0.5187400201073593 -0.036597625377894516 -2.8647393195619335 
0.07081287376059323 -0.8392452481374537 0.3434157384941774 -1.5067937774509614 0.46025467638740486 -0.5158419517997634 -0.02753787384071768 -2.860566023570386 
0.13734558310606138 -0.7956385831934105 0.4122486239103677 -1.459741966845619 0.5378972188208966 -0.45689406647680925 0.03773914418289353 -2.800437283838799 
0.10101149575778973 -0.8561001216374109 0.3782262616886561 -1.5161270653589742 0.513575635622028 -0.5011410717368028 -2.5669601714795043e-06 -2.8435735188354503 
0.11350320302763314 -0.8690242235697648 0.39303879733384467 -1.5242634263884796 0.5390529502265706 -0.49690668568266444 0.010922470334586896 -2.8382743465627533 
0.1665897920341265 -0.8427345032219239 0.44845248242365854 -1.49238823388868 0.6061742519361046 -0.45243918285248264 0.06227570053340216 -2.792764075584787 
0.13293977677855034 -0.904660902422461 0.4171325638313194 -1.5478385321623378 0.5876897532839342 -0.49508854841193717 0.026717423925678344 -2.8343688005846626 
0.16719115790119488 -0.9002694715737517 0.453713297177154 -1.5359811343748915 0.6383248427443632 -0.4702365114080858 0.058876810513808706 -2.8084463728865536 
0.2213199688182575 -0.8776934416167222 0.5101664417413775 -1.5048440541072883 0.7101484334578583 -0.4259281001649736 0.11072039616136699 -2.763017888610725 
0.21428031397297384 -0.9180925088534655 0.5054412420573753 -1.5354764563831427 0.7222125406401185 -0.44323171494887054 0.1011920663263531 -2.7791276891288623 
0.20622988366899514 -0.9614262613654384 0.4996898800897086 -1.5677231459966081 0.7347769805311972 -0.4620137343841154 0.09043851140113433 -2.796617889789972 
0.22855626402899196 -0.9764263278489574 0.524293715923131 -1.5701982769793612 0.7793343975044529 -0.45091233812057097 0.1098354717132575 -2.784102118854431 
0.2599292880548698 -0.9845418913405151 0.5579155622662073 -1.5642330396515873 0.8346607329883002 -0.4312853009225817 0.13804001762943924 -2.7629132211867615 
0.2587804497397547 -1.027457430037528 0.5589790139880488 -1.5913963057127265 0.8592920084284783 -0.4447307374847183 0.13346988613102623 -2.7746239053337787 
0.2579219819896043 -1.072469976257962 0.5602874326534896 -1.6188756329421206 0.8861398639967658 -0.45846819858712934 0.12892247398713869 -2.786427733859498 
0.3074467112415685 -1.0695846990503965 0.611923698089435 -1.5965775188044549 0.9653868132029337 -0.42243900719385724 0.17447459973011753 -2.7482393447326943 
0.29336117086795466 -1.132876300624405 0.5998832081556511 -1.63849442283626 0.9831135750908114 -0.45067335401777436 0.15611551578897992 -2.7740614224149667 
0.2985911654219459 -1.1794770962808028 0.6070793178022008 -1.6616993674335956 1.0222976266358672 -0.4602849622290247 0.15675236205543208 -2.780979227381193 
0.30509961955900705 -1.2274521367337776 0.6154610502212551 -1.6842282845257373 1.0649228824539938 -0.4693534893200128 0.15832789389122187 -2.78704285107274 
0.3570600830624526 -1.2326183660815884 0.6691864504536142 -1.661906737603675 1.1551441305706651 -0.4337512966450292 0.2049938551454388 -2.7480938257262815 
0.3410213069067929 -1.3083729659990557 0.6547869952897294 -1.7081856045901866 1.1794421414132588 -0.4669791737222656 0.18327541023487737 -2.777600675038534 
0.41686893907623146 -1.2947256040413346 0.7321291070872235 -1.663179672731453 1.2975762876319592 -0.4092049706373915 0.2530326831251285 -2.7156973578441597 
0.3996772922854009 -1.3764425548378085 0.7162657225897598 -1.7118161927018063 1.3244286982508804 -0.44541218843379315 0.22931235451171772 -2.7473316535235126 
0.43192001620845555 -1.410834829087809 0.7496467483729304 -1.711624558068189 1.402210053834882 -0.4331896968040306 0.25455814903599766 -2.7300546573220683 
0.38070702430225783 -1.5305238060498465 0.6993557521713656 -1.7954997581736216 1.397695674027446 -0.5054952306822983 0.19584756198831033 -2.7967840361457754 
0.39954994669398314 -1.5816826169205127 0.7188751609660571 -1.809937330483776 1.463995232365699 -0.5088903955449551 0.20665709655874812 -2.7940387737884733 
0.4432715471805413 -1.6091378407471695 0.7629954036509472 -1.8001243711993429 1.5554720551599306 -0.48863174400252807 0.24177144961167096 -2.7670299676310615 
0.43172173379768813 -1.6926682500513812 0.7515306280349762 -1.8462239708056774 1.5914743483892555 -0.5249552938853123 0.22099927586443457 -2.795945046946867 
0.4619625188029671 -1.7348370057166853 0.7815033490649071 -1.8511907140274244 1.6685395124483784 -0.5208921302302013 0.2413578874375256 -2.7837630558596547 
0.47522724373205044 -1.7940503074418674 0.7941033459959043 -1.873811922866746 1.7273748771539448 -0.5353097717692638 0.24403220653166457 -2.789295683210859 
0.4656838258561709 -1.8758109311112343 0.7834505682994745 -1.9199448795216862 1.7616421952578452 -0.5741495390889173 0.22313773098492526 -2.8184242795934686 
0.5403160784178743 -1.8728509920281555 0.8564761080169029 -1.8826359683664882 1.8778575826320172 -0.5305458618047468 0.2856015703033411 -2.7642188039677444 
0.5353784187829191 -1.9486874928596536 0.8493765605011467 -1.9256664123565534 1.9118603811695105 -0.5683721952514609 0.2676168739016847 -2.790483378128809 
0.5510457038550006 -2.0029784156251784 0.8622635239363656 -1.9489028512866307 1.9634716823046277 -0.5875917852152871 0.26929240163158424 -2.797106698953714 
0.5538347971882285 -2.069102865523467 0.8615848572985232 -1.9858761406450274 1.99891902466005 -0.6218366452644171 0.257073855828645 -2.817640689199108 
0.5908424694845948 -2.099921252947382 0.8943623190170333 -1.9895437478519635 2.0650725423861522 -0.624170102466026 0.277981596573625 -2.8050627651553044 
0.6198562927287878 -2.1376597155731414 0.9183022738879587 -2.0021790580517207 2.1195503884276983 -0.636976194006694 0.2897214270077566 -2.8016650343156244 
0.6788527943319375 -2.1444054483898807 0.9712937702286657 -1.9858732878662932 2.2002090492782607 -0.6224615726498569 0.33018274982614604 -2.76955612193428 
0.6676357065496998 -2.220460954907801 0.9530468682349791 -2.0408971272076366 2.206772675488241 -0.6810169873723046 0.29907697488150414 -2.809022746536102 
0.7183894097305625 -2.2337827882853367 0.9956463756678431 -2.0351469547018097 2.2713776007630795 -0.6806631150691014 0.32849133283051485 -2.787975889439826 
0.7342937746225939 -2.2813590266895547 1.0021672671513564 -2.06552935268933 2.2971790539506527 -0.7184343811955982 0.32150436974592755 -2.8033352833646257 
0.782684750357603 -2.2960413751923916 1.0398362192570256 -2.0647994923663857 2.351504943081013 -0.7272162314708027 0.34534755335463674 -2.7878677894511883 
0.7795726697357713 -2.362019983854021 1.0245513328626357 -2.1170413207271572 2.3503689965306678 -0.7912236570591239 0.31592506073496557 -2.8256675928548276 
0.8252176717413426 -2.379241509888252 1.0564595545673476 -2.1220900409888293 2.3940428154629307 -0.8104213171648424 0.33339125748254445 -2.8165787068912174 
0.8553426115730369 -2.4121898942943987 1.071172285573262 -2.144316401765637 2.418267257066993 -0.8493046149663405 0.33336635489796657 -2.824979299171066 
0.9172947818078218 -2.413718327355863 1.1159306153913495 -2.136461361418583 2.4704144550240574 -0.8607301363233466 0.36310168065333337 -2.8036164042559113 
0.8794257161219514 -2.5156629296001314 1.058989543822116 -2.230251767914853 2.418869683657449 -0.9765259606615915 0.2908639244936509 -2.8842216612683287 
0.9564745027594412 -2.5034525616983245 1.1150066632830289 -2.211011585801596 2.478418378499466 -0.9820963067520013 0.3313238292150428 -2.8521226062041163 
1.0469913942806872 -2.478677904596968 1.1824720518021088 -2.1802319234377974 2.5476749158471357 -0.9789838088980571 0.38298607553820563 -2.8088127703179997 
1.038067002359216 -2.5543545823883917 1.148444507454635 -2.250834732855954 2.5138181528405723 -1.0801245094868335 0.33292549015129413 -2.8672154552993625 
1.1143671282344294 -2.545880516233459 1.19759385311287 -2.238130456123165 2.561633348493481 -1.1007962887616376 0.3658293045587897 -2.842641457593043 
1.1578420212627527 -2.5713191664366533 1.2119175856013007 -2.2601013463552886 2.573228651672644 -1.1588931879870261 0.3637137379342182 -2.85307246866007 
1.1810346891964796 -2.6180847063405364 1.2040557696995788 -2.3040865646223088 2.5613499868046716 -1.241602743953947 0.3392388039273219 -2.8858462512217704 
1.2156743203422093 -2.654343916391346 1.2058893440038776 -2.338183886792317 2.557979450565619 -1.3168024121772015 0.3243065084026217 -2.9090584245058793 
1.282229960210046 -2.6594605900021384 1.238096011799593 -2.3416938475588345 2.5838913522323614 -1.3635022206004657 0.3396166117278092 -2.9020066848733834 
1.3748884570059454 -2.6390192989997208 1.2951268415810677 -2.320143196735867 2.6336289926785503 -1.3868716655778255 0.37964308123695495 -2.870214336200107 
1.4196223019523035 -2.666763480707628 1.3032685936415658 -2.347222650445688 2.6335671774387883 -1.4601864870622157 0.3706962518093358 -2.8873681120730703 
1.5035050669604297 -2.6552902563700846 1.349949346206135 -2.335481362132797 2.671218023126501 -1.4955376417785158 0.40022827006494593 -2.8660127143033383 
1.52859866184646 -2.702177257405413 1.337612131394288 -2.382453400935007 2.6491047585911036 -1.5899767494260224 0.37070653496256994 -2.9036773549742834 
1.5470054210456161 -2.7549473225194716 1.3187507074823546 -2.4356221082473977 2.619797642421176 -1.6905020368477537 0.3346492641776572 -2.9478401726547068 
1.6238863583861323 -2.7480681184413474 1.3589104062623585 -2.429419390572239 2.648914933753683 -1.7310794687161584 0.3576261282902049 -2.9329275807552952 
1.69503553799099 -2.7453949238923294 1.394245809010611 -2.4276681917278546 2.67268067027477 -1.775104886265901 0.3758157097567326 -2.9227567910647876 
1.7295743535269592 -2.777491106529416 1.3942007156629619 -2.4609026762250568 2.6606047199309755 -1.852739700563935 0.3586852548412567 -2.947856044303099 
1.815511408847108 -2.7560793552149145 1.4470573401569884 -2.4408191872039224 2.7010320422510494 -1.8753720066591892 0.39453965504428073 -2.9199156111660174 
1.849637424527305 -2.7841536097464306 1.449824785936175 -2.4703879213634936 2.691031216804097 -1.9457327752399631 0.3804097154878284 -2.941899506418346 
1.8970366487951136 -2.79647020924043 1.4677482772730273 -2.4843438418492685 2.6959037182316736 -1.9983861617322172 0.3815611891504212 -2.9485364371574443 
1.963071869766806 -2.7875616811199944 1.506295721974847 -2.477200250457747 2.7211705171805716 -2.027738418225007 0.40348115542784413 -2.93433340678778 
1.9886228364320244 -2.8164942090448117 1.5064005652792325 -2.5080060566645566 2.7078149704838035 -2.092787747830889 0.3871207053316352 -2.9583330124113254 
1.9723902835248464 -2.884557552162378 1.4667721613129927 -2.5780355148746814 2.654593230131479 -2.1948051479395208 0.3312051617342858 -3.021803207241353 
2.014522077453528 -2.891631819434093 1.4875292576994699 -2.587154832586226 2.661667769310068 -2.2336917174727264 0.33586743177123024 -3.024603930945544 
2.1060999240093996 -2.846693424922619 1.5596942673252419 -2.5443279742587337 2.720101701680233 -2.218475542915457 0.39214216640786437 -2.9756929329250847 
2.1373014235873504 -2.859646003814951 1.5733625479121525 -2.559447439566657 2.720028116140161 -2.2591344451262274 0.39013494829110096 -2.9849565674236804 
2.15180663738237 -2.8869074904018297 1.5721154890712992 -2.588921216190492 2.705063227800305 -2.312176045468399 0.37343530753612475 -3.00879676082726 
2.2061848760838925 -2.872017839217743 1.612412926953489 -2.576280387323604 2.7316988658122803 -2.3212397057422813 0.39850908507841976 -2.9907386315334774 
2.1661225308687433 -2.9494066312764113 1.5598256462375726 -2.655946634855698 2.665535057850065 -2.4208595344142103 0.3309309024442082 -3.065198003544272 
2.2180821434961384 -2.932730340857008 1.600698195966462 -2.641569412772606 2.6929429374007334 -2.424798114189863 0.3570469632207418 -3.0458185885036286 
2.2261712886306735 -2.9580006081139323 1.5990206761401073 -2.6691541351908126 2.677936630082423 -2.469172143474332 0.34084684163667045 -3.0686001807708227 
2.2368394120905037 -2.978885265614135 1.6011277492893643 -2.6923631263381758 2.6668723722561705 -2.5077515807709663 0.3286625107777025 -3.087199613001521 
2.2557591006451387 -2.989825527333435 1.6125814709052626 -2.7056327402806657 2.665331454655664 -2.5350755508280507 0.32605120248293834 -3.096047880186307 
2.307285784543197 -2.9665752273803383 1.6576320538764409 -2.684712536990806 2.697581104912639 -2.5269907674783596 0.35725621218033465 -3.070889318881062 
2.3013846835931395 -2.999273196989048 1.6461454807744256 -2.7197376026828364 2.6735022214802404 -2.5737234497901103 0.33213456060015145 -3.101853929682094 
2.2978752542035212 -3.0281984355808635 1.6378483104819583 -2.7509836696499974 2.65283430410413 -2.615634295716625 0.3104018570054822 -3.129212498298825 
2.292150226174546 -3.058050914705568 1.6280468425223371 -2.7831478739012616 2.6308947428911473 -2.6574992789907323 0.2873515255291572 -3.1576573536287356 
2.352890609257986 -3.0202365760235543 1.685342079944478 -2.74763371128997 2.676293905595676 -2.630794773396743 0.3315698338250525 3.1645979835547213 
2.3285730523540615 -3.0663600936934654 1.6581369222402254 -2.796043762073387 2.637442453466408 -2.6871905311125963 0.291443154011834 3.1195848481958737 
2.3361689105416943 -3.07952600948173 1.6633349816320928 -2.8114807918329316 2.631250277977603 -2.7098510905827564 0.28385684791617655 3.107390174515847 
2.335466476618072 -3.1000167559396803 1.660662508848321 -2.8342257437500287 2.6174485436787513 -2.739114104983808 0.2685172615812629 3.0877372768776072 
2.350472696258764 -3.1038912274430053 1.67406976986189 -2.840336281714436 2.6199911778923637 -2.7510892334682584 0.2693531695537078 3.0845726161086477 
2.311284056907412 3.1220711138206925 1.633601580413817 -2.8997761782423996 2.568925513468979 -2.8157878769616516 0.21638637499710947 3.0279364141678498 
2.302792349850585 3.0963344646426467 1.6241027100341998 -2.9277098361400076 2.549097795832612 -2.8484180390920955 0.19443717676584898 3.0026681353482774 
2.353712829698093 3.13074638032409 1.6742456885748527 -2.895474411407454 2.5891810869733636 -2.8203567742597624 0.23215223606505014 3.037434366473382 
2.3719704876366805 3.1331825252573307 1.691916737750571 -2.895193815269505 2.597061288639984 -2.823764497353624 0.23739056499674388 3.0401148181596502 
2.325463513445921 3.0714951608803056 1.6449789067798206 -2.9590155165092744 2.5406003636803653 -2.890822074444011 0.1779867160769409 2.9785655259315686 
2.2887205165374636 3.020170100423092 1.607928984963001 -3.012453571434623 2.4942933283141424 -2.9470741210214606 0.12840774574763902 2.927275823826803 
2.3128600097186163 3.030285942532128 1.631856696342913 -3.0044293764130336 2.5092275205045564 -2.9414700027185106 0.1397124574098232 2.937327595526773 
2.273021203433769 2.976944631989143 1.5918752248143067 -3.0598410946150416 2.4605131928830852 -2.9989334906698843 0.08698197292746603 2.8838258513469897 
2.2867008046612116 2.9776080416429114 1.6054577638758554 -3.061227062718837 2.4656201245592926 -3.0020263781133156 0.08765632759010929 2.8842353253120754 
2.2888262521102445 2.9671710067807697 1.6075105222651118 -3.0736927462321355 2.4594506832371574 -3.015875627940003 0.07660752079267936 2.873453523639651 
2.2067559940090837 2.8729614175764016 1.5253727910767376 -3.1699106376889836 2.369339943450622 -3.1131734466143652 -0.018860370708952856 2.778810830358164 
2.2441682072907296 2.8986287676214255 1.5627054702960157 3.136953607561427 2.398944259085732 -3.0902888875645753 0.0048773824831120065 2.803959068146903 
2.191252038138882 2.8343352376232964 1.5096821337246649 3.0706910340656233 2.338432369416888 -3.157076906076237 -0.062042719508099316 2.7390625935542454 
2.1840426728730464 2.8160906223365343 1.5023239402384994 3.050496163315744 2.3238203468557903 3.105641748468382 -0.08363743490440571 2.7201332347282325 
2.2041127278873733 2.8254435885302933 1.5221908790375456 3.057917029420859 2.336662874335456 3.1130304466885335 -0.07838546639923323 2.728721559523633 
2.1299377971895868 2.7408471016507154 1.4477471863954505 2.971405918816375 2.2554186900960196 3.0267138440094867 -0.16786196404491474 2.6432823116996764 
2.1159614296046754 2.7167232923935045 1.4334262049678343 2.94538424220783 2.2345154711859765 3.001101422879806 -0.19767357067872143 2.618239286474773 
2.1231379237067847 2.714006150449238 1.4401730727660298 2.9407852332440605 2.234892543030394 2.9971154065094647 -0.20691561923456492 2.614528032747045 
2.0922109633951704 2.673420067589922 1.4087232638118063 2.8983324961361983 2.1972794373152973 2.9554692224406534 -0.2548934559946451 2.572874404191439 
2.0587777110106447 2.6305438463020794 1.374666596530998 2.8536040184711937 2.1572599144665214 2.911731438624381 -0.30605826942828135 2.5288585754771358 
2.0175543409326786 2.5800761562718524 1.3327126920519652 2.8012976315647227 2.1095374330945957 2.860591153661013 -0.3657414378373155 2.4771805059457264 
2.010766949543544 2.5642263740292677 1.3250818175857173 2.7836218536962227 2.096326001772492 2.8442487759252937 -0.3917634557760077 2.460050786089079 
2.0095146381072055 2.5540776017736975 1.322867910789859 2.771658912280355 2.0887132092220773 2.8337789870679635 -0.41307063837148794 2.448553662877728 
1.9504002692091218 2.4862173655517803 1.2626692851791015 2.701995445175287 2.0232909331290383 2.765761389587806 -0.4931040985747139 2.379277744137133 
1.957156268183107 2.484363363787031 1.2682143874849137 2.6983482521533544 2.0237810986290192 2.7639062090441824 -0.5081736218454712 2.37594175299456 
1.9202525201643894 2.4389713164181006 1.229969657136977 2.651172146814769 1.9806435367609594 2.7186621007820393 -0.5678493841477784 2.3290023826746933 
1.9055014351449557 2.4158399866811506 1.2137445598301486 2.62626498100118 1.9596810149579431 2.6958211328601744 -0.6063564384024609 2.304259323698389 
1.864963447458451 2.367016641661348 1.1715970612429438 2.575673107853193 1.912944705731563 2.6474242109997004 -0.67166870201574 2.25376072962643 
1.8701735480009745 2.3640235496527997 1.175060138900653 2.5709178815682634 1.9119606916166052 2.644987543317139 -0.6922818483533779 2.2490297194025404 
1.7912239106552106 2.2769405755595162 1.094224393382394 2.4820782551067113 1.8268125676328644 2.5585852058298584 -0.7981300446816145 2.1601469775413187 
1.7143887158088253 2.19202997702274 1.0153628615370922 2.395415578544592 1.7437662439706603 2.4744739112013403 -0.9029604412131419 2.073375554857796 
1.731588389493699 2.20120061962207 1.0303952500484996 2.402837816432604 1.7547341672659678 2.4845571988802195 -0.9148682045226642 2.0806250880957915 
1.737840410742054 2.1994587635909184 1.0343387417956609 2.3993503366117146 1.7547261129216656 2.483836198901957 -0.9388449594297855 2.0769025909037677 
1.6757164983738775 2.1293652331262254 0.9697651861080107 2.327513081574166 1.6863063595685113 2.41486678028096 -1.0323208501906216 2.004769627244867 
1.6858095880647832 2.131502379025485 0.9772680836810359 2.327907533110174 1.6900606564104395 2.418226494591492 -1.05469683772553 2.0048092779794997 
1.6666969718181281 2.1044372066746138 0.9554257382229915 2.2990998422698605 1.6645593554874312 2.392477686641698 -1.1073808935801028 1.9755892726480666 
1.6516154348511933 2.0813965043094176 0.9374764098169216 2.274315959567865 1.6430325437866804 2.370842607057953 -1.157112292835262 1.9503371213793557 
1.6290286513636154 2.0508342329424933 0.9118857314664562 2.24200902682599 1.613937436600382 2.3417707880778464 -1.2153937846223735 1.9175075083180677 
1.6049632748412805 2.018767613540424 0.8846828245028476 2.2081954662410954 1.5832944677201803 2.311275118053642 -1.2761552453958935 1.883118382156852 
1.5561752538914817 1.9619434423841269 0.8326266438955275 2.1496212976123523 1.5278536074051856 2.2560981455250633 -1.3625873225688863 1.8239172747051877 
1.5067456834781587 1.9044339444208755 0.779801863402085 2.090357993536595 1.4716902179351996 2.200307922603681 -1.4505457916414926 1.7639771573021539 
1.5830384395518013 1.9725944125421018 0.8525765486383244 2.1567601205050666 1.5411626946856352 2.270255635543224 -1.4135944025979046 1.8296540830048125 
1.5437473733612304 1.9251104090106421 0.809649394459276 2.107512542123499 1.4949596689496294 2.2246227986650573 -1.4929584503693547 1.7796343907726835 
1.5167814222758598 1.8898828857964383 0.7789348835996379 2.070515541211855 1.4609851292678406 2.1913063683476577 -1.5606407081224438 1.7418198284033715 
1.4892216031318608 1.8539851897553918 0.747520332721944 2.0328418267149613 1.4263154272019627 2.1573757429679126 -1.629465735766306 1.703284560149463 
1.4935391624498895 1.849881226908044 0.7478841003688912 2.0269546996763697 1.4234174418100063 2.15529092300638 -1.6668632504020962 1.6964933332681784 
1.4896667123881684 1.8374966145755118 0.7399667858454239 2.0127792070278745 1.4122197315824268 2.1449736600309364 -1.7127986751890012 1.6813726322555673 
1.4882370743083613 1.827457543125181 0.7344101410820999 2.0009410049414424 1.4033513955936863 2.1370463162690583 -1.756536077701475 1.668549542511687 
1.4822814600072187 1.8127889772325398 0.7242553257186359 1.9844645616436185 1.3898402737784197 2.1245300646328995 -1.8049417930948741 1.6510499533368115 
1.4900601685974124 1.8117453744713925 0.7277736835886275 1.9816038774977949 1.3899436641480796 2.1256756069666713 -1.8396554776146699 1.6471292780643763 
1.435895201781649 1.7486433237779635 0.6692994435588197 1.9166751248925018 1.3279809594983076 2.064795813017946 -1.9362591173344694 1.581105093869556 
1.4842465647396401 1.7879378707800528 0.7133061121639858 1.9541329749191876 1.3684099706042168 2.106342047078656 -1.9302021621028236 1.61743346823804 
1.4562173577648279 1.750727634867822 0.6809116634086818 1.9150757157080471 1.3323320407876558 2.0714092871250274 -2.0002976306415836 1.5772140769651395 
1.436716301200732 1.7219173602623363 0.657041168534081 1.884407804669824 1.3046545941217702 2.0448986786630448 -2.061560511919973 1.5453527559351725 
1.4261361481743542 1.7018963552511708 0.6421053205107711 1.8625183088045554 1.285769571453189 2.0271959773968002 -2.1135299935083167 1.5222399408445915 
1.4279046287268036 1.69408946282876 0.6395514971376028 1.8528318763066316 1.2791043974925784 2.0217225239029832 -2.152718875273407 1.5113016381012454 
1.4486854090963799 1.7051580461005436 0.6560648467991 1.8620097228169612 1.2913229623478333 2.03513623361357 -2.1724127012220382 1.519200410254087 
1.4416239912416584 1.688245913110554 0.6448143222840443 1.8431955569738672 1.2755715421770852 2.020577526706944 -2.2194237124509657 1.4990813006090207 
1.4736960478073482 1.710327675838565 0.6728011581998354 1.863363940001082 1.2988271537275904 2.0450176925918173 -2.226742161951705 1.5179201917738454 
1.473600554988247 1.7001019053410367 0.6687521547834325 1.8512134412997743 1.2897907047571648 2.0371520508944045 -2.2656426690811498 1.504416960104369 
1.455158056826343 1.6713894160709775 0.6465181019964051 1.8205649230729037 1.2622852733982877 2.01079824191843 -2.322285321502244 1.4723937590856668 
1.4626142921434078 1.6684369100673557 0.6503775754541907 1.8156651846663718 1.2605597471830594 2.0101998772016785 -2.3524113331454304 1.4660986623391545 
1.4812567180875895 1.6765335144773323 0.6656536384917258 1.8218035000847772 1.2699053552224044 2.020643083564564 -2.3707257604160263 1.4708221997200002 
1.4528154538515032 1.6374117354597155 0.6341149741926755 1.780712571725546 1.2320566166205609 1.9838574636308868 -2.435495784482283 1.4282983095558666 
1.4708590153942893 1.644643198809955 0.6493718183858763 1.78596427066803 1.2405870755001898 1.9934118430930186 -2.453154214762475 1.4321000773712629 
1.4492696097089433 1.6121139453843643 0.625351462158214 1.7514449315925273 1.2093845907531289 1.9631895727318613 -2.5098234654656646 1.396115029180587 
1.4629661191580947 1.6147474114241782 0.6370214541602421 1.7520783324281777 1.2133743106567856 1.9681115152261708 -2.530591889773792 1.395268109457339 
1.4601193698182906 1.6007196873505631 0.6326050960156407 1.7360409523003109 1.200733925968583 1.956351310258306 -2.567297888074817 1.3777369373589805 
1.4742847711640472 1.6035921420592674 0.6457143169806404 1.736894594806591 1.2050262885700014 1.9614680048835886 -2.5863967091689655 1.3770844282459964 
1.5121747621280386 1.6300838475270438 0.6831223609137421 1.7613588114359577 1.2329718305165145 1.990178483917086 -2.5811875122843513 1.4000312153186234 
1.507506664773205 1.6139194048309806 0.6786118837123165 1.7431587262346062 1.2182963846396244 1.9762053013843712 -2.617965088858893 1.3803034724851952 
1.457591025769948 1.5524172517382342 0.6295635368165845 1.679613341880905 1.1583194869040805 1.9168649931434063 -2.699431162052357 1.3152212186337977 
1.5566198879022737 1.6397778941610295 0.7302444723669838 1.7649237694697002 1.247242602860833 2.006356312926915 -2.63140581844824 1.3989865456176525 
1.5436561228673795 1.6150731929241264 0.7197978919161517 1.7381625134601106 1.2241384096882058 1.9837495232120161 -2.6748379363630836 1.3706729014182366 
1.5391998493938959 1.5988127301666106 0.7188096497760778 1.719839836116698 1.2095171581875535 1.9695527652042184 -2.7092385818004745 1.3507914528259553 
1.4883186299570084 1.5360739490659294 0.6724385866945726 1.6550338951411743 1.1484568084643327 1.9088422015946762 -2.789550673512574 1.284421221345288 
1.5313918959165325 1.5672465172287018 0.7211610201859192 1.6841351048494466 1.1813473896801912 1.9420063824123488 -2.775404461988979 1.3119534426888528 
1.5568752381532063 1.580796551443226 0.7535349976753358 1.6956103586002484 1.196655221609586 1.9575104716492095 -2.778353180013153 1.321855787575967 
1.5874787542152846 1.5994448955155678 0.7923784634565763 1.7121813042094571 1.2171011897584385 1.9780745263699162 -2.7756946686760697 1.3368506355788694 
1.5824661668554894 1.5824661668554898 0.7970680034580411 1.6931233880293854 1.201959789743125 1.9629725439678545 -2.808172259132558 1.3162141177045645 
