30.003245082536647 70.00324508253665 14.145380706267598 90.55709646391082 53.85489315388169 53.85489315388169 31.62602168422044 114.02078759245045 
29.988027846179715 69.98426874627927 13.687612768994809 90.60685796636959 53.603209873108376 54.0698684156803 32.20602431644823 113.83543473267162 
30.033144051353798 70.01811663614484 13.294413313900318 90.70812450752952 53.40572910853402 54.338777847831466 32.844279937253944 113.70085530517055 
30.010612708569255 69.97683465334542 12.8390123966293 90.73291014841264 53.134629006219356 54.53353188872894 33.412286629379466 113.48918736216459 
29.986958664642042 69.92699225516674 12.38924219684985 90.74775511056102 52.856609559890764 54.72056409715535 33.976092226057816 113.26709696351831 
30.097554174352915 70.0040237186733 12.081878754499781 90.88806706456589 52.707233561972814 55.03517273062085 34.670634892139546 113.17011933393678 
30.102432805562216 69.9680416207973 11.678453775198975 90.91393462697376 52.44673977691489 55.23733453522148 35.25555592645763 112.95847222508802 
30.140868473145307 69.95841533610394 11.31982853580177 90.96470586683958 52.2146211399499 55.46628354671716 35.86977759082442 112.77163428449822 
30.186379216248348 69.94877417410184 10.98118862194477 91.01399144382397 51.98462760496579 55.69551452319959 36.48650559038533 112.58334805370343 
30.24134579556218 69.94162524142712 10.666648615382277 91.06428246324262 51.75938372858068 55.92740109328824 37.10784629253577 112.39623768166211 
30.211903476378385 69.8432444043614 10.284124143403252 91.02184142365586 51.44527936757215 56.06808699403603 37.63969706097864 112.11669972961785 
30.305042596285634 69.86077596107815 10.04240607269442 91.09380186656803 51.249569100661944 56.32458600678543 38.288845314861774 111.95200267758568 
30.37213767956478 69.8457607968266 9.79465611537973 91.13169650166462 51.023900149367556 56.548310363155494 38.90649608632304 111.75381490649112 
30.407663563564036 69.79285149886279 9.537082369738503 91.13017228465812 50.76302727611692 56.733786097073924 39.486986553070416 111.51691963362835 
30.453548164323823 69.74416407007662 9.313245275058868 91.1313420869897 50.5091642998302 56.92300498103935 40.07213718455677 111.28356644127082 
30.562185104721895 69.75228947619428 9.177019053164843 91.18779619260053 50.31499546496238 57.168436280864704 40.71426273611355 111.10648263422068 
30.59853000660661 69.68238883936142 8.994635368600466 91.16469743494221 50.04577047777397 57.33512214121071 41.27826690326396 110.85096824002315 
30.683682739401423 69.65577458147389 8.888215397234058 91.1833622779849 49.82288551399962 57.54425890490982 41.88522293897521 110.638476956141 
30.755914290801293 69.61093619314741 8.796753466221967 91.1822865175292 49.584908874445055 57.734223041733465 42.47339890914625 110.40764172090951 
30.78055894178078 69.5134313200743 8.685977436095895 91.12703629500287 49.29747198073117 57.870462378232304 43.00814827751789 110.12416560094103 
30.88508066819653 69.49095109773009 8.683398473897343 91.14531335515285 49.088334642450796 58.080561559610395 43.616974750460066 109.91588692685114 
30.96302308090954 69.43726905411118 8.682261772632517 91.13090386777195 48.85133391555525 58.25819106342159 44.19348070087063 109.67672799787553 
30.992194679905857 69.33042536276544 8.659750266311843 91.06186259618575 48.56456833420378 58.38129154755712 44.71555095306759 109.38487913850192 
31.09173251132135 69.28978954080407 8.734082636357654 91.05757550765499 48.347460610580185 58.56913662751528 45.302415023053044 109.15986120263692 
31.132620574225978 69.18657794353466 8.775078425814861 90.9892771777974 48.07127515398021 58.69285043497794 45.82516416554375 108.87304287774128 
31.296332825503175 69.20249590785212 8.962855502058037 91.03869284162556 47.91776026083135 58.934049810293295 46.465393079724805 108.70628264182332 
31.281030623750492 69.03593438816858 8.99408482387556 90.90423493543247 47.585344818821916 58.99104097317446 46.92139611738419 108.35812521777872 
31.37881210390214 68.97921857854134 9.159295573783885 90.87825162362296 47.36638701807755 59.156068165860326 47.485415487015395 108.12105001939358 
31.399702073009276 68.8425971125565 9.266915780652438 90.77101590247284 47.071163660119815 59.2393028609324 47.96763004541807 107.80546018117401 
31.435079284632824 68.71766869877736 9.406743021946014 90.67415213903193 46.79129692150583 59.332270392273756 48.459581534614195 107.50310903036193 
31.551447730152514 68.6711528297219 9.643750752290739 90.65440668352319 46.59352520913135 59.501620647843936 49.027944902082176 107.28087063959536 
31.614856645442746 68.56930926186382 9.842534848084762 90.57806725309793 46.34412280365408 59.61354752249736 49.53894740186112 107.00515915814331 
31.660085605356752 68.44712263760245 10.036517339888004 90.48014745823599 46.07808466090665 59.70297350254143 50.02755284754347 106.71111329303687 
31.661107946536486 68.27876548775932 10.19842160027113 90.33484971066677 45.76958960875825 59.74401262135172 50.467924255792255 106.37305917897123 
31.711979255725375 68.15848634942745 10.421166941531538 90.23645324792999 45.5128886731475 59.83085852163397 50.954311615288155 106.08539837206166 
31.79276394667056 68.06653601958797 10.683796878515912 90.16524029525736 45.28823155260702 59.943710645507466 51.46697780159308 105.82853398806613 
31.794904360797865 67.89453637674626 10.87684662684576 90.012864797267 44.98723567246566 59.97414298541394 51.8975670702427 105.49423941746646 
31.822156661328343 67.74641603712566 11.103275085109342 89.8832879862207 44.71382208424162 60.0260396631294 52.3500403946494 105.18659388402848 
31.79478168952412 67.54260101082784 11.282650271744131 89.69696895243835 44.38840637466725 60.019785503008386 52.74486581424466 104.82617301227688 
31.807094654159553 67.37756422567413 11.508692717119512 89.54841408474198 44.10544845116307 60.049815467875455 53.17656766056997 104.50759827157208 
31.85257217454119 67.24493243560599 11.774375806027678 89.43128389793827 43.85855971982667 60.1097214751175 53.638833178157874 104.22464381358792 
31.80539853324615 67.0190323663379 11.95346527120915 89.2199391001384 43.52204950791461 60.07379844631837 54.006058392826624 103.85178255575418 
31.752223771141804 66.78664872734495 12.132270709588441 89.0011985290762 43.18268335929346 60.028802220136605 54.365105856363 103.47594413956948 
31.751490211086473 66.60635067311924 12.368965864610502 88.8336655404132 42.89900978531031 60.03327591194889 54.774630850381214 103.1558413464958 
31.80536228599297 66.4804215859424 12.665512645253333 88.71965772030842 42.673290342977666 60.08947959306135 55.23701092141554 102.89389984341727 
31.633033307815317 66.12816581333989 12.740962567511666 88.37851355542536 42.22480667343005 59.91669692317662 55.471652380178526 102.40956489052147 
31.682414812543932 65.99759799195145 13.04314127001463 88.25828169209534 42.001550132332916 59.96292436833967 55.926679396439305 102.15099064299378 
31.50604807118845 65.64135454449004 13.124555687653347 87.91163237127346 41.55613359902752 59.78078259148906 56.15484527586534 101.67095163281516 
31.49752512412745 65.45311470390052 13.37881121926585 87.73227839334146 41.2822128188112 59.76393737014558 56.549953272559904 101.36326378435975 
31.508398300617745 65.28451002327226 13.657517820037897 87.57188457123557 41.03139623738443 59.764009000180046 56.96376589541896 101.07969392189783 
31.43359932101065 65.03054346583119 13.855706079076132 87.3254867661306 40.69866442246835 59.67599128034023 57.29142380214844 100.7153788628521 
31.236563441177697 64.65471353129129 13.936948701249378 86.9566159618479 40.247494529767366 59.46337553413996 57.49656973668288 100.23394955257915 
31.111891886532735 64.35167666270826 14.096020598704014 86.6599606220014 39.87252305854477 59.32081291354525 57.774010753552204 99.83019348428358 
31.01195124930002 64.07384660419464 14.285496223229284 86.38796600009579 39.526145568545424 59.200713655078765 58.076317398901466 99.45665407386268 
30.863797529734697 63.7483183868366 14.432671777821376 86.06775807975686 39.13544103724984 59.03017096591768 58.33074752479024 99.04055466643355 
30.7611497195469 63.46884183758996 14.631537163731403 85.79311703969614 38.794145754173705 58.902934434968905 58.63121963077293 98.67577206870763 
30.615284483422005 63.14671616342807 14.793669177367416 85.47537179549248 38.413548306741404 58.73030452137666 58.88920728419398 98.27373115884711 
30.463730871545106 62.819484539842314 14.956924848787637 85.15209454708707 38.03118458944116 58.54982704972069 59.14243354739428 97.87209950224114 
30.253875165908173 62.43453880243156 15.069044983569974 84.77070543050927 37.594442937990756 58.30889781077694 59.33847550959356 97.41839207124914 
30.061077429512395 62.06723580636215 15.205769436148131 84.40658883838213 37.17868095671717 58.0828788327372 59.55288048719 96.98808763297923 
29.909187117806056 61.741412808360984 15.391351432701097 84.08360876362184 36.80774139771075 57.895613677645635 59.80968124602809 96.60514415902146 
29.702139055968665 61.36098316975959 15.530152205555883 83.70570446458653 36.38554839470306 57.65102306164825 60.01299154296764 96.17359455488489 
29.462873498116615 60.948856091082604 15.645559613028677 83.29581016188826 35.93502776719115 57.372024509610775 60.185925695988026 95.71646641883069 
29.201784695598118 60.515384799192965 15.748435129205655 82.86430318758526 35.46655582152316 57.06898046516499 60.33904660250288 95.2442302502818 
28.965736484263086 60.107381690056485 15.886127670456812 82.45801908950327 35.02697515847045 56.78871335928101 60.519380707532136 94.80381461000479 
28.749099361931123 59.71915489075222 16.053508686601102 82.0712881539788 34.610631958235494 56.52554210101574 60.721454383861435 94.38964269478575 
28.470667966287152 59.26942514246925 16.169887383783983 81.62285224841085 34.13629365293354 56.19819889219184 60.864210624350555 93.9205492273963 
28.181171439967578 58.808835481738825 16.28651852329097 81.16337446049246 33.65465947320117 55.85733884326197 60.998518521976955 93.44729013811019 
27.88107118111938 58.33774820749697 16.40439725330544 80.69323602131342 33.166158367188004 55.50333687795222 61.12497002346228 92.97033952432864 
27.591357278943534 57.87704042146364 16.54505223388323 80.2333317993887 32.6917455915066 55.157083214164395 61.264675242134416 92.51068517471191 
27.238180014262596 57.35273450833251 16.635173398865547 79.70970073164298 32.157534354346474 54.74461378762109 61.343892694599745 91.9944590231658 
26.973150808615245 56.91629792400844 16.826908705801653 79.27382555908929 31.715096894540945 54.41740998647783 61.5143288274571 91.57323689971201 
26.60868273959839 56.37998239240954 16.933199964059167 78.73797196717999 31.1768051147413 53.98773779740581 61.588476932479516 91.05937767748482 
26.239047090648143 55.83787895965256 17.048834187634846 78.19624357906555 30.63688723750959 53.54970281195093 61.660671896906635 90.54707826332293 
25.927021694906067 55.35256464348123 17.23708621737557 77.71122853898765 30.15807624483486 53.165896831017875 61.793736524449336 90.09902016838792 
25.55651589378475 54.80772547410408 17.38233742572667 77.16662248128341 29.62423492285505 52.720020863639 61.87160422083465 89.5989924534586 
25.200265991581492 54.27584978044053 17.557764385733183 76.63492173824744 29.10805139470471 52.284578374024896 61.967011895473455 89.11958490128926 
24.86076927498054 53.75915976014621 17.7662655814786 76.11835482439776 28.611973212427596 51.86180681527322 62.0824311151326 88.66311945268716 
24.39669050380189 53.116015206020286 17.866860082321224 75.47528606884526 27.99461391709863 51.3100813223537 62.076471379655324 88.08805377708589 
24.03520864787905 52.57325712655712 18.087025978729415 74.93255913253313 27.483099845720208 50.85625830215713 62.17622325486864 87.62132471342694 
23.68214771967588 52.03633506983095 18.332822458000468 74.3956242184391 26.983201039348547 50.40580272983722 62.28738516918441 87.16847538845694 
23.197102274001757 51.364428678631946 18.464006124145843 73.7236595014459 26.35445683015697 49.817909679419124 62.26938439907642 86.58877653813252 
22.80398276955991 50.780988625734835 18.704566792140948 73.14011192541967 25.820721310448484 49.316045237631194 62.34591738953182 86.10576717863152 
22.365819821033032 50.148535910815696 18.91752182157009 72.50749634752256 25.24496772306081 48.76274578257243 62.37974838816722 85.58205360593224 
21.93816734646658 49.52205947699799 19.158309030293708 71.88079298608598 24.682691791777607 48.21301558532091 62.426106348129366 85.07270667920264 
21.516444500522454 48.8963519939073 19.422118113582794 71.25478301708168 24.129253900071447 47.66166258151613 62.48001994376631 84.5725972319363 
21.05978191139766 48.22984928837149 19.667726121172215 70.58788779827304 23.543725658546222 47.06713779424217 62.50015617728265 84.04023508880812 
20.653590327200348 47.60719150460101 19.98005513520805 69.96472980058792 23.011458995303613 46.51409649027703 62.571380655262416 83.56032976667765 
20.122069855987778 46.85172417472667 20.182670378432427 69.20863342502524 22.356595988837935 45.82589925086458 62.5172577129552 82.95629103694515 
19.810770395082923 46.30804982346759 20.620329410262134 68.66417632599706 21.92463008251262 45.34716358111718 62.68260100708059 82.57277996906785 
19.29842832200066 45.55385525342992 20.870807575355695 67.90901638438812 21.294243805257402 44.65559120494972 62.64529972058738 81.98753559744978 
18.8569258170408 44.85986102026525 21.204846215760817 67.21384083595116 20.737269429989034 44.021917555250695 62.676266885470625 81.47132371629152 
18.459416952173402 44.19793746063256 21.59426799553711 66.55048191392623 20.226816774136772 43.418027822799814 62.74755418337844 80.99605216030614 
18.031704084477646 43.49247115836195 21.96334319432279 65.84328288672427 19.688651755884102 42.768323449999976 62.78371710607864 80.48613645122515 
17.552255422058824 42.72037321758381 22.28879829642758 65.06910585431126 19.101216649280236 42.04973043897907 62.761821841062535 79.91850717289661 
17.203830275795607 42.062696549220824 22.751434028501446 64.40894850392019 18.647258616492966 41.44331668139371 62.86306108498597 79.47422627486755 
16.772606054901722 41.30375715253006 23.135247765332853 63.64706480028011 18.1129606133894 40.73341329272485 62.87187376266113 78.93760727902628 
16.376694465964636 40.5596480373583 23.5559488810177 62.899478248707695 17.616462115208428 40.0361285980286 62.90445729293154 78.4247280271759 
16.035902928732046 39.8480032625773 24.030724448716406 62.18374519828395 17.17762557807849 39.36911224614151 62.978529872112595 77.95319343645258 
15.729826650013472 39.146099250781326 24.536342375286647 61.47705533591381 16.77613385351727 38.70965661422885 63.07142992972819 77.50023541326387 
15.381791104034487 38.374815029107424 24.99311354730683 60.70019101067468 16.335437906589696 37.97865715466446 63.10407440035179 76.98667156524448 
15.1184065967869 37.65821500759493 25.524476528645682 59.97710898810753 15.982315902311312 37.300195298167345 63.20053941606493 76.53648631121284 
14.823647974789921 36.87766907529253 26.01111952184438 59.18905940143647 15.600955872296899 36.555658696358414 63.2421781918159 76.0309491567094 
14.65505201495976 36.18810370834092 26.607233223746935 58.49083557910346 15.3491534403399 35.899992501447976 63.38386978877265 75.62486381539128 
14.38291076249754 35.35726252349374 27.07977294964188 57.65003316545509 14.997501705986359 35.10096012061838 63.39327717858805 75.08582659432716 
14.268259941646216 34.64377412997887 27.686527824313234 56.9251163689072 14.807371328100803 34.41721130283283 63.5289124493166 74.67229187907148 
14.053895344441175 33.78825711616346 28.167226826475645 56.056521153366845 14.521913003243341 33.58938740021426 63.531238975455004 74.12467453622175 
14.031776153370254 33.08081613523233 28.8110356049335 55.334149314193496 14.433441292912887 32.907617774877906 63.690164500303496 73.73284317706111 
13.995830571648895 32.31393779377214 29.40945272807818 54.5502621173236 14.336216169014207 32.16441606293713 63.79793381634558 73.28901296364837 
13.979994362740143 31.52060928922463 29.994428273414915 53.73759641988607 14.264454984749893 31.392799250803215 63.8872439691361 72.82586087885886 
13.979378920187456 30.695548866047833 30.559593790143705 52.89059231222109 14.213474527516832 30.58751864429541 63.95247103178772 72.33775250391821 
14.13432512157337 29.979298182993297 31.24435369242977 52.149482341732046 14.323722867357857 29.88915283536346 64.1337585176045 71.9648303679561 
14.3242831894758 29.252113203715968 31.92777466267182 51.39417889723091 14.474644375332497 29.177999292939557 64.3109040165072 71.58690045281408 
14.565716553555779 28.531851249665888 32.62647067286113 50.64215735840138 14.682578009812019 28.471962233237065 64.50124166664753 71.22131446278513 
14.78540956526148 27.747237002422597 33.26786638310387 49.82171776373142 14.874069287352334 27.699819575191675 64.63290322105823 70.79623061817101 
15.094305691646316 27.011639670483575 33.963971108423685 49.04575718057273 15.159721519144972 26.975001216741514 64.81858989914237 70.42438516232178 
15.350903337303606 26.186395603909762 34.574697619937034 48.17508703466546 15.397611157655565 26.15891293797467 64.91888928608309 69.96640884596573 
15.750240140202322 25.469714629903947 35.29676404641094 47.40733365546489 15.78229515683771 25.44984422826662 65.13117554179759 69.6197266520806 
16.21050734699832 24.783218348818526 36.050227124190094 46.66347027497635 16.23144903344374 24.769508301382377 65.37614116193606 69.30508900634891 
16.677325943048217 24.07614718807402 36.78268362445724 45.89201729842054 16.690164920414944 24.06725111924829 65.60199711352227 68.97077129924976 
17.17655226127441 23.37810725230779 37.52201106072547 45.12178193881569 17.18377574801449 23.372800481998176 65.83721244106424 68.64531281996467 
17.68512331511752 22.669868779956612 38.24715959781238 44.33264912588172 17.68871502917522 22.66706700577379 66.06130525675174 68.30830702091716 
18.211108723885246 21.963383175946852 38.96816230671196 43.53559082290162 18.212579028877308 21.962163955290514 66.28485225107242 67.97041025527759 
18.77643272941098 21.284481135789306 39.708826540643656 42.75535651615721 18.776855196119644 21.28410842153949 66.53217949067779 67.65603176098523 
19.37786632156975 20.6338501787368 40.46770512111828 41.99144355526213 19.377917511662005 20.633802103863015 66.80233318359875 67.36430357873633 
20.030263304231568 20.030263304231575 41.261319560408175 41.261319560408175 20.030263304231568 20.030263304231575 67.11230262922525 67.11230262922525 
20.653528612556826 19.39754475538979 42.01112198908216 40.48738355493831 20.65348053768304 19.397595945482045 67.38398201255637 66.82201161741878 
21.313436431870475 18.805388025492164 42.784311812238386 39.73778183672485 21.313063717620665 18.805810492200827 67.68498705706641 66.56113478675898 
21.97659528976969 18.224320837708078 43.54880293672446 38.981374420534785 21.975376069113356 18.225791142700135 67.98362236910044 66.29806436489525 
22.658068773016225 17.67332330817715 44.32084911894134 38.235359590872015 22.655266998833408 17.67691502223485 68.29650701397678 66.04950524981138 
23.30801394502111 17.106458953987765 45.05168863152901 37.451917753438835 23.302707174711497 17.113682440727846 68.575219512678 65.7671191337776 
24.04958258135143 16.650761336325612 45.86545269169794 36.75611901773464 24.0406865125257 16.663600313692342 68.94420669252717 65.57543250679969 
24.79654054965987 16.223829547839674 46.676792475817685 36.06354932503145 24.78283050222372 16.2447712342851 69.31841120719025 65.3894633627774 
25.461471419930714 15.741996930229103 47.39909044549166 35.288520836437726 25.441601018293394 15.774051946864489 69.61148344210739 65.12293233182437 
26.279204541414646 15.443712274808476 48.26789597217033 34.667506557441904 26.251721875479554 15.490420095160436 70.0592177834706 65.01169822358796 
27.013009190491115 15.095675211653868 49.04712670058027 33.96534062843124 26.97637073674905 15.161091039152524 70.42575468232933 64.81995941914991 
27.762218183749525 14.80039074658842 49.83669894505835 33.28284756443082 27.714800756518606 14.889050468679274 70.81121179949795 64.64788440238517 
28.535619073969276 14.56948437785916 50.64592518270476 32.63023849716451 28.475730057540456 14.6863458341154 71.22508228708851 64.50500949095091 
29.265781464764597 14.337951450524441 51.40784715827954 31.941442923720462 29.191667553988186 14.488312636381139 71.6005687138627 64.32457227755583 
29.978159868936185 14.13318680751627 52.14834402767493 31.243215378372675 29.888014521306346 14.322584553300752 71.963692053899 64.13262020354742 
30.80299636711236 14.086826421251976 52.99803981328562 30.66704129120822 30.694966145359942 14.320922028581354 72.44520000498274 64.05991853285222 
31.53089796812228 13.990283041637813 53.74788509878372 30.004716952312602 31.403087929700867 14.274743663647563 72.83614955775651 63.897532648033774 
32.31514619526199 13.997038973138752 54.55147051881344 29.410661129568044 32.16562446442698 14.33742457050406 73.29022136513822 63.79914221783543 
33.044100734781274 13.995060752919187 55.297433913742445 28.774320204482425 32.87090237442684 14.396725892461822 73.69612777661004 63.65344909985243 
33.818939526804876 14.0845777550826 56.08720356400826 28.197909237117077 33.620069810855675 14.552595413884767 74.15535694686318 63.56192138609644 
34.565420784225985 14.18990659589334 56.8467630231543 27.608174478560368 34.338857957079945 14.729017982347925 74.59393853331859 63.45055910356372 
35.35796884113701 14.383617080140805 57.65073948309836 27.08047926728514 35.10166643826165 14.998208023629628 75.08653291197042 63.393983496231314 
36.09646058689085 14.563408893509694 58.39919245765339 26.51559010229688 35.80834937999791 15.257510318889834 75.53322069394119 63.29222666732259 
36.88334066224762 14.829319561745008 59.194730988391555 26.01679110879947 36.5613302833135 15.606627459251984 76.03662074366449 63.24784977877099 
37.695377791531726 15.155569380723696 60.014271772044324 25.561639312582468 37.33735808210415 16.019478686248107 76.57364909514963 63.23770220000172 
38.400711890932605 15.407687965859672 60.72608787249986 25.01901040913202 38.00455401648964 16.361334768414878 77.01256842706965 63.12997126217698 
39.14927361340775 15.733001012639914 61.480229698540235 24.539516737913093 38.71283097685528 16.779308216143708 77.50340977589029 63.074604292354636 
39.86807875865137 16.055978424806128 62.20382069435803 24.050799944790498 39.38918774221559 17.197701074152572 77.97326893252666 62.998605368186674 
40.60936115795915 16.426407586565492 62.94919136930855 23.605662001618562 40.085841718629446 17.666175235809284 78.47444114777676 62.95417041353239 
41.31908515747965 16.787934059851313 63.6623928052297 23.150575770282448 40.74874129767444 18.12828861833899 78.95293528397585 62.887201767610726 
42.08476544279886 17.22589916937363 64.43101739749821 22.773502922079455 41.46538557497174 18.669327510070985 79.49629516844557 62.885129978563995 
42.71650125190738 17.548383456382396 65.06523388863484 22.284926330751155 42.04585847330264 19.097344683603808 79.91463520722019 62.75794987538611 
43.427474465393274 17.966707391508976 65.77828619375558 21.89834650135414 42.7033267570313 19.623655062915436 80.42113975825647 62.718720413109985 
44.146907265152876 18.40838675669372 66.49945171844655 21.543237800057423 43.36699762732013 20.17578657865709 80.94502196482645 62.69652398789876 
44.90112815135591 18.898192948131463 67.25510796704182 21.24611334685149 44.06318468634135 20.7785365610797 81.51259084738219 62.71753401656129 
45.5744409558692 19.319014024439927 67.9296020868274 20.891393277794958 44.67617690738899 21.314829507696672 82.00812129988905 62.665885423026644 
46.235273958809 19.737994530424334 68.59140046133848 20.547553545603552 45.27438771645859 21.85185421785403 82.50000410440927 62.609825142422004 
46.93965569529245 20.210001376553574 69.29656494559103 20.270601898998244 45.91383077143036 22.444527509403724 83.04422255751093 62.605189233521 
47.605975236788254 20.65237405938758 69.96351353277515 19.97883886739529 46.51288022246427 23.010242727490848 83.55911349886489 62.57016438744966 
48.285313882916725 21.115246505942892 70.64335239281829 19.723190715717468 47.122602388787406 23.599190253091454 84.09569968335336 62.5556207718279 
48.91530826969146 21.53540077630661 71.27373929286583 19.44107438936697 47.68061885730028 24.148210175855603 84.59155350772046 62.49897621955048 
49.52373489910051 21.93984276856909 71.88246840818849 19.159984452396202 48.21469100742342 24.684367213880122 85.07438210130515 62.42778177023186 
50.135216549173144 22.35250045939048 72.49417698588 18.904202459927536 48.74942642092989 25.231648361418262 85.56873424428969 62.36642902652468 
50.755955504254594 22.778949648079667 73.11507880393941 18.679533670660717 49.29101211615095 25.79568818896824 86.08073405715126 62.32088426805159 
51.28691376354708 23.1195873589169 73.64614458636105 18.38649120906098 49.74039476433427 26.27694191507211 86.51126162304766 62.19186948399156 
51.94834090726549 23.594153557110413 74.30763005587363 18.244828295435013 50.317808567271754 26.895206876783078 87.08048122589148 62.19939100661895 
52.568607604295586 24.03055912561752 74.9279096102716 18.082376456467884 50.8516087798956 27.478450323458677 87.61667519116541 62.17157373260711 
53.122985398406534 24.403660696188137 75.48225626123151 17.873830274707473 51.31705151473995 28.001584109484877 88.09502396947214 62.08344157204157 
53.685824717532306 24.78743423236664 76.04501978178388 17.69293053886471 51.78847177265933 28.538638169813694 88.58978441007326 62.009096072518716 
54.26147533083819 25.18589154197915 76.62054728864508 17.543389936130854 52.27020392442254 29.093676945102363 89.1052104516869 61.95263744587111 
54.85038521534483 25.59917563502551 77.20928222252418 17.424997166967437 52.76268060487976 29.666894664095807 89.64165219469938 61.91426396207542 
55.33183077297598 25.90628782440082 77.69049466848237 17.216352346870348 53.14516296051262 30.137342374329606 90.07828629788266 61.77300265394411 
55.84320649356569 26.244374624561264 78.20157111297868 17.054161721547963 53.555030345864054 30.642214771422708 90.55240579723605 61.66599943081975 
56.365821260637134 26.594521607825982 78.72381083540758 16.91903883228675 53.973576665633416 31.162643982968895 91.0452165457124 61.574315800707105 
56.93159574814759 26.9884486327544 79.28912338322844 16.842206529940817 54.43270781061699 31.730394718680106 91.58853472385117 61.52962665159627 
57.40825705573478 27.293702561664862 79.76522327904524 16.690695946267812 54.80013633502336 32.21305690174874 92.04998157056806 61.399415242002014 
57.83317725354254 27.54749411102243 80.18946863146759 16.501189065962127 55.11322004624329 32.6478824235855 92.4668220067908 61.22081207421331 
58.340742634672345 27.88406560829476 80.69623044848879 16.407391680480824 55.506331305127595 33.16915279436338 92.973333951504 61.12796445063766 
58.7563221537761 28.128658112004853 81.11086113252973 16.234005195328244 55.80482551529924 33.60214614523844 93.39477681014746 60.946005194014226 
59.2861905317436 28.487433355561503 81.63961763768519 16.18665277305834 56.21496428146619 34.153059042207886 93.93731461667063 60.88097601362492 
59.729369761176756 28.759314232355667 82.08150302440333 16.063723557025664 56.53575697144028 34.62084682866003 94.39985756521028 60.731669254286004 
60.135180199112696 28.993534993319297 82.48581759855949 15.913926179513023 56.81651186833722 35.05477366752666 94.83161311906102 60.54717921658835 
60.52733699807764 29.213736894482782 82.87625538646992 15.760387328090308 57.080932664049655 35.47850802040783 95.25618244916646 60.35099880138753 
60.909525725490376 29.42354313252439 83.25647979629602 15.606229247436449 57.332694144018554 35.89569740159892 95.67713605323846 60.146595330395805 
61.33015227055909 29.671308156768163 83.67487356538602 15.499321306355379 57.62019216244775 36.354717495502555 96.14276365568438 59.98216064376714 
61.72744076027292 29.895215069717988 84.06963671553379 15.377379384613024 57.88164162955757 36.793769349622686 96.59117211093341 59.79570919794001 
62.08287701017624 30.076718633326482 84.42223004219622 15.221410639962228 58.09852003655129 37.194322160531264 97.00372883679331 59.5685216910041 
62.452861735869874 30.27219809934648 84.78902836394758 15.08736791700828 58.32722074421525 37.61276587142907 97.43671500468746 59.35679844303187 
62.77902379315109 30.423270124853875 85.11163380039584 14.916464102096405 58.509366303029466 37.99072384274994 97.8316387555499 59.10197280070306 
63.16026357069497 30.628831890688918 85.48891920275938 14.807216584634334 58.74385192864357 38.42709571400831 98.28727856611401 58.9027546914609 
63.46623003695077 30.7585379189077 85.79050523905693 14.628925363092204 58.90032263432971 38.791533953534504 98.67316026806841 58.62860783013374 
63.793857038914666 30.90933618181276 86.11329673183492 14.478210429899443 59.07570961799575 39.18097968932791 99.08609331851162 58.37628617686831 
64.0775800019567 31.01568464706209 86.39169939785785 14.28922962099136 59.20444705284084 39.529878966307486 99.46038747162474 58.080050796663556 
64.39770078239691 31.15791600622138 86.70598474169005 14.14204471839266 59.3668370332339 39.91854717823343 99.87621760397224 57.82003487324086 
64.64338500279256 31.225234912678967 86.94528743334916 13.925620172750646 59.45204700564124 40.23616600126864 100.22262102408041 57.48524120818415 
64.93410232656636 31.33715818174583 87.22904562686577 13.759264939811318 59.57955014107541 40.60222328320353 100.61893772358728 57.194982662883625 
65.27902603654633 31.50291431389181 87.56640058450965 13.652033833311963 59.75852501345411 41.025912250658486 101.0742099351719 56.958281908693024 
65.42090338213573 31.465313802362655 87.70006707157667 13.346599897501056 59.731726048380786 41.25000149704641 101.33105246259495 56.51774195079511 
65.75846842936714 31.623161956065548 88.02874625615055 13.24166957253045 59.89789647636616 41.67324748390461 101.78806551769226 56.27195916074244 
65.97410628901885 31.658923109611337 88.23478998916273 13.019649567082038 59.93943266540708 41.97805842940032 102.12749894006116 55.903187693506716 
66.2474061450324 31.752273639507827 88.49775388711787 12.860202899204177 60.03593725486913 42.34404700512256 102.52880522221398 55.590892711871035 
66.44199687940721 31.766937579457803 88.68123301377324 12.627087938718173 60.05105488652618 42.634865636442484 102.85547513688208 55.19858621488038 
66.62902531227371 31.77416485024095 88.85634017956765 12.391640503764988 60.05595055110337 42.921684424464786 103.17851598565026 54.79730548953571 
66.78488642853785 31.750461472334685 88.99943623026908 12.13050841078131 60.02703992132948 43.18092106048635 103.47418184076236 54.363343557555865 
67.07856787885461 31.864934045762855 89.27947461265512 12.013000783725856 60.13333395883507 43.58158502043131 103.91131806827089 54.06559390534333 
67.20419282127186 31.81183256020706 89.39054428360414 11.733636191693549 60.06898186078338 43.81782010549255 104.18390419925379 53.59809356382375 
67.38016626945368 31.809696697939078 89.55101612852152 11.511294760899037 60.05241751165499 44.1080504949426 104.51020031535163 53.1791697043495 
67.54442505544144 31.796605734137735 89.69879299705195 11.28447431635775 60.021609547622 44.39023041928086 104.82799705689048 52.74668985885828 
67.71560411835534 31.791344742558042 89.85247606745038 11.072463166339038 59.995227744359106 44.683010165471316 105.15578196525817 52.3192284758791 
67.87177748566582 31.772145469717422 89.99010590618656 10.854087735765315 59.9513840943335 44.964476781385216 105.47148052638602 51.87480817916226 
67.99996810112503 31.726196028207614 90.09867237679441 10.617228960052968 59.877142727044514 45.22166363414407 105.76196606960318 51.400409883130145 
68.16821313315151 31.721706039449426 90.24618003165403 10.430893725255595 59.840585305358026 45.52261545687155 106.09512515578571 50.96403839901222 
68.34256697914734 31.724909437924502 90.3986512020548 10.26222309165915 59.807814112739734 45.833391100146265 106.43686067035925 50.531725747180275 
68.42720061028633 31.640163578040635 90.46022543091989 10.016595312571894 59.68305147522532 46.05816263359052 106.69119126572076 50.00763082022738 
68.54072602145337 31.5862734050323 90.54948401268747 9.81395160767432 59.58496428208692 46.31553956324364 106.97657591773286 49.51036416145068 
68.6414958047635 31.521790705194107 90.6247496585648 9.614093727332328 59.471963622885525 46.563868184172954 107.25121361463697 48.998287877123765 
68.73484578113019 31.452256366985655 90.69132922138478 9.423920104298846 59.34944747462659 46.80847400385866 107.52028611271476 48.476758616967025 
68.89966621867444 31.456771179127212 90.82808500859078 9.323984886770376 59.296371967050334 47.12823276623775 107.86252928729195 48.024699151536005 
68.96183983502956 31.361433360390365 90.86087288011119 9.141916830272113 59.138689422348556 47.34900827456578 108.10367127588181 47.468036743503625 
69.01988462091543 31.264980856497356 90.88818516817933 8.978035056622423 58.97499120592132 47.56929505156877 108.34207545052557 46.90534635013106 
69.06838779270625 31.162224710357297 90.90458472647968 8.82874738691216 58.799941695147425 47.78365214568547 108.57217452667744 46.331284964578934 
69.23271299637963 31.178755627070956 91.03541223064238 8.82121347865984 58.73898548782292 48.11741020682519 108.91917793058626 45.87129921838873 
69.26590400158776 31.06784697210504 91.03368996843868 8.710197097141345 58.54525108829897 48.32357507136387 109.13597566342061 45.27852948383674 
69.39484406482057 31.056613381960993 91.12628129824088 8.724168968366975 58.44571024961226 48.628987036258906 109.44929784055705 44.77996965512274 
69.39596568035094 30.9217197071493 91.0896004940117 8.640958398872275 58.21688768966135 48.810030541795 109.63542462411529 44.152177327110394 
69.47456366340018 30.868693233866622 91.12892592082294 8.667011039567436 58.06417412528049 49.07194720812089 109.89949949252123 43.60058731613016 
69.55519671487725 30.822324336583737 91.16880168980582 8.727742830898851 57.912227773035255 49.339237375534125 110.16593099574398 43.04991367232084 
69.57546317223971 30.720441269893595 91.1468134966215 8.761280445314272 57.69875002082576 49.54943585353736 110.37216870000181 42.437925888238546 
69.66263773963385 30.69054589756139 91.19022543614486 8.89507855539402 57.55112206306979 49.82974867215959 110.64534011430096 41.892086097135184 
69.68022443605263 30.59636560329782 91.16253303163342 8.99247096529168 57.33295773790193 50.04360607446519 110.84880383671435 41.27610249995518 
69.68756486433726 30.49746049286487 91.12307158074351 9.11229444130782 57.10371166900768 50.250270853105356 111.04175802236367 40.649538124256516 
69.72470860664501 30.43409270089221 91.11188662355809 9.293789811627251 56.903549517607736 50.489708836398584 111.2641109778392 40.05268172112517 
69.82308863986006 30.437900704561315 91.16040942565539 9.567319510735777 56.76402323807121 50.7932644171142 111.54715677462562 39.5172236940677 
69.86869784979997 30.395074732538145 91.154633554638 9.817593168353097 56.57124741612886 51.046837202340924 111.77675195946449 38.929433139296414 
69.79797197766223 30.242238612869702 91.0309978831521 9.979602089278476 56.261782023369506 51.186765117246004 111.88919869416975 38.226041331445856 
69.89253178882207 30.261190860839065 91.07112880811653 10.333411527863921 56.11737437849671 51.49456675203282 112.16598711407852 37.68898444543933 
69.9336251444102 30.233345698545264 91.05628236622569 10.658648518365373 55.91940099627132 51.751383631563776 112.3882375846452 37.09984619551884 
69.92695413836744 30.164559180513947 90.99217140808956 10.959368586210369 55.67369448746519 51.96280756923139 112.56152801796902 36.464685554650934 
69.94759160980216 30.130044746843524 90.9538821405378 11.309004809499989 55.45545982041537 52.20379741364811 112.76081055819644 35.85895386452263 
69.9281948733466 30.062586058111513 90.87408787952305 11.638607027748273 55.19748778777077 52.40689302946418 112.91862547763732 35.21570917900692 
69.95607120067172 30.049601656351328 90.84011454656431 12.033926236498191 54.98722021261926 52.65928104397123 113.1221668159352 34.622682374137966 
69.93708271299451 29.997049122469814 90.75784556838879 12.399332654677616 54.73065455498312 52.86670001771852 113.27718742134607 33.98618268388559 
70.02392568852491 30.057703743748757 90.78000118359213 12.886103431808802 54.58062292390844 53.18172004139886 113.53627839734408 33.45937766455897 
70.01038827025401 30.02541568546297 90.70039614163869 13.286684948009473 54.33104948194064 53.39800074264318 113.69312693927971 32.836551571363124 
69.96953305339218 29.97329215329263 90.5921222734825 13.672877076107715 54.05513272279322 53.58847418022129 113.82069903978453 32.19128862356116 
69.9953143456439 29.995314345643898 90.54916572701808 14.137449969374847 53.846962416988944 53.84696241698894 114.0128568555577 31.618090947327698 
70.00992276987719 30.013681869777635 90.49375153699384 14.601486681012128 53.6288638967063 54.09552243927822 114.19170340461085 31.039723860190986 
70.02385187101432 30.038879286223274 90.43641019134184 15.074446783782342 53.41146434340349 54.344513082700935 114.36764925538813 30.467283151307043 
69.94574305660933 29.979521111833172 90.28582252356718 15.464007709282997 53.103537409483266 54.502440291992855 114.44925753689266 29.810040677098442 
69.96244243381761 30.022408843292926 90.22887649413136 15.956117660729747 52.89205973854164 54.75601427580623 114.62330083226738 29.255501822201747 
69.92000397644969 30.013534432129312 90.11167029479866 16.39599474355954 52.62321381974921 54.95115298839725 114.73576438934371 28.65040924328354 
69.92837212468778 30.062763309452706 90.04419487884799 16.892805563517747 52.40707028080537 55.19766503911196 114.89652875063662 28.10542597821104 
69.89410101693358 30.076554153974943 89.93305311698637 17.35238059001686 52.150306820779534 55.401969227546786 115.01208900223361 27.52785509535591 
69.90944465096064 30.14704969310714 89.87054987654551 17.86630064373588 51.94529808182459 55.65618500005838 115.17464493880696 27.01073015026183 
69.90645137962963 30.206171933764693 89.78878642966579 18.36598794880936 51.72420986678319 55.89222723149075 115.31619555014012 26.486909819091167 
69.87622934551891 30.244888417535886 89.67892579529875 18.8419683700024 51.47826430872965 56.101071935193524 115.42780443372564 25.948343270858206 
69.85519742884695 30.29946406405443 89.57744358991316 19.33011941209789 51.24399056843075 56.319007474554226 115.5458507080873 25.432320803498484 
69.81495975448756 30.34133663722574 89.45600243323823 19.801542021328174 50.99309910702852 56.517509320816465 115.64190347296866 24.911347732970672 
69.80050882458777 30.415320889289013 89.35965497610742 20.300761243796916 50.7706846018419 56.7414434227989 115.76092488330245 24.431346538027626 
69.77956475509575 30.488948849342947 89.25618302927839 20.795063204357174 50.54456498484933 56.958405666058475 115.8706093157289 23.960994668251118 
69.68781670405819 30.49771233258581 89.08133888166805 21.21973447733073 50.25052269282629 57.103963508728626 115.90662471603602 23.43696402666574 
69.6572113414697 30.57335250871489 88.96713365836999 21.70634868187682 50.02059297988227 57.30994464331899 116.00090097786408 22.992206896082987 
69.65664314493016 30.684551302857685 88.88252750329643 22.223455069548933 49.82375407745589 57.54512746836608 116.12232013753055 22.59664301137572 
69.59016285720402 30.735140954857908 88.73163792312135 22.674785424161826 49.564135538501674 57.71344970579008 116.17492472170514 22.15536403402965 
69.5120207480237 30.77914836973018 88.56878293544102 23.114295901374764 49.29606140868057 57.8690518061817 116.21296089094055 21.723671998798977 
69.46893229551563 30.863061865982097 88.44074663709313 23.588431409625443 49.06631584023637 58.058542757395955 116.28314399512456 21.34933928872933 
69.45327965511463 30.979033681912977 88.33998056104612 24.08932588778607 48.86734451655869 58.27420166442503 116.37785990942173 21.02580346801827 
69.35544471989668 31.017214037037107 88.15693662631479 24.507134272226857 48.589587691335026 58.406310904688375 116.38749795534864 20.64449276721312 
69.29428262866732 31.096225599184603 88.01054053774241 24.960504999581296 48.35195369844344 58.57362971537853 116.43092426403813 20.32529110532151 
69.23892740616401 31.184970036855333 87.86999732048464 25.418384720663592 48.12362461660956 58.7451998976073 116.47728726676867 20.03833440756783 
69.11545888076526 31.209295798416306 87.66145813503556 25.806684363071124 47.83072323374448 58.847012783206424 116.45268445886289 19.710667491986964 
69.03493720983698 31.28003344541891 87.49605470334399 26.236312865703432 47.58434764049034 58.990043794842876 116.4681967677865 19.45426804117481 
68.94318282992859 31.34277635528939 87.31967916361617 26.65295639637754 47.330351269464806 59.12003241724758 116.46966834334454 19.21581572238429 
68.8752724705185 31.432377430971258 87.1674799928552 27.091573685987157 47.1038390180818 59.271978218894375 116.49220240933994 19.03117739708293 
68.80691892443255 31.52432951028801 87.01524169057544 27.52777516776986 46.88054714716102 59.42152061792894 116.51154087045866 18.876776462952908 
68.64587864959395 31.526173550024556 86.77079229862959 27.869229992397297 46.56825102900339 59.47634646771598 116.43547174965416 18.660990785262836 
68.55442673120476 31.59997411478368 86.59647828649227 28.278140444587745 46.32924027299502 59.59866499183829 116.426303985715 18.5466191406891 
68.40586302849725 31.61882599625155 86.36567062634488 28.627747582453797 46.03682505180145 59.66171389343623 116.357373415705 18.407380378259266 
68.31163796792511 31.693980426702275 86.18989052000418 29.029456558946613 45.80246208892404 59.77688510151751 116.34016840466195 18.35503409888399 
68.18930657826549 31.74279948456341 85.9867633733022 29.40079021872169 45.54370890198554 59.86167875047201 116.29228371850573 18.307331720559976 
67.94256300233458 31.668790929417167 85.66005325272322 29.64542320329666 45.164258535353625 59.81973762825406 116.11745487529961 18.168050344104977 
67.87282219169597 31.77319017574759 85.5112445307479 30.06476326931955 44.96552148741538 59.95242880036367 116.11713968164713 18.2385761975885 
67.7357367651628 31.81147738936548 85.29605870074444 30.414467799421676 44.70314281227876 60.01536039116654 116.04703493538814 18.274425595608317 
67.56583401260717 31.818014691303443 85.04909134292993 30.729080486040658 44.41163937644657 60.0430185047877 115.94171327643122 18.309888235835043 
67.37292942696348 31.8024598554489 84.78022562427033 31.018444570141057 44.100813652452416 60.0451806691648 115.81103656889177 18.35444895409118 
67.23088452579952 31.838524264734712 84.56339009364814 31.35646039539149 43.8445118100202 60.09567356531103 115.72891357615433 18.48155535554092 
67.02235554573318 31.808721712641415 84.28130735550704 31.625833860378897 43.52537268730988 60.07712162571364 115.57804851234113 18.57337750553992 
66.87537535623002 31.840950400026866 84.06207596841764 31.954658114795336 43.271409988178526 60.11752884902167 115.48652281688916 18.75740160001674 
66.63599464056763 31.781134178534867 83.75181161623851 32.18905454686307 42.92865375275871 60.062919879397285 115.30043620015068 18.879083238092868 
66.40214802682122 31.727088726871816 83.44851323459723 32.42703874439253 42.5950167838565 60.0112060339402 115.11777264296494 19.03572558153819 
66.23706852443684 31.74193601891226 83.21547744811112 32.731934784624244 42.33370938452698 60.02559963427356 115.00181470582524 19.289905405118045 
65.98836600620866 31.673182826801145 82.90037705800262 32.95145359228795 41.99231814659013 59.953692382596884 114.80022188748224 19.488562486417102 
65.75457467057895 31.61926819727735 82.60180851485354 33.18424030042777 41.669353725116416 59.894002717577955 114.61157796789374 19.72955704607339 
65.47562793418504 31.52003835441197 82.25976682623667 33.3703490635533 41.30472604909573 59.7864506004301 114.37586578540642 19.95215353262096 
65.24307779800985 31.466966075355323 81.9658649423849 33.601462366095475 40.98996401212201 59.72257677491762 114.1846864914569 20.247247703990258 
64.95940017010314 31.36245602528258 81.62263910266124 33.780196308734496 40.627521126740284 59.60484798461216 113.94056476566251 20.516678454432384 
64.70964430829638 31.291494218182784 81.31519830603983 33.99175003558293 40.302425306772456 59.518306311145054 113.7285981546005 20.844882563783038 
64.38460436869424 31.144819592518708 80.93439589116291 34.127077287516705 39.905450764530755 59.353740619531216 113.43962851990912 21.122070405780796 
64.08365537070237 31.021760015807743 80.57966553650908 34.285722391855025 39.535954335053155 59.2105224215865 113.17307790629606 21.44706500444594 
63.71411251836487 30.829591661262956 80.15838062021736 34.3751796275207 39.10123516877811 58.995965097445946 112.83630776903018 21.72666347458243 
63.43728012223254 30.729588004189477 79.83190318355418 34.55694220915988 38.762584038816286 58.871372719611486 112.59066780491769 22.121687196956536 
63.06187022857027 30.530438548564213 79.4090026045931 34.639920996167156 38.32870237188361 58.64545858651886 112.24491449332906 22.440400944811763 
62.79275899505573 30.437005326758523 79.09461202101772 34.829200964766045 38.004459044654574 58.523101504934104 112.00396738616749 22.887269109212756 
62.443583527400264 30.262919890876876 78.70242521622991 34.938638156410754 37.603487662959466 58.317942535745644 111.68150586092523 23.275551840833472 
62.071329756155826 30.06517137930607 78.28948454777496 35.0254476804209 37.18277490651085 58.08697278253088 111.33455691578976 23.6618917830534 
61.684760909219435 29.852535218664503 77.86460947333596 35.09863232479431 36.7510894985692 57.83896177850409 110.97192356198761 24.05474103845727 
61.358168206982214 29.69932409319129 77.50214730097747 35.23273340033533 36.382733431925686 57.648208098870874 110.66793543996927 24.52811007261407 
60.9515380081019 29.46555541513591 77.06214039134197 35.28799804399304 35.93770968421044 57.37470642663007 110.2826158870505 24.9417328503348 
60.48721906236662 29.17361895877177 76.56699346798104 35.28704663548286 35.43839008469681 57.040814728338646 109.83834911259292 25.317731918754582 
60.13755510102262 28.99590989522921 76.18910626589415 35.402505554824415 35.057148569436585 56.81888677024714 109.50751271068883 25.828248716782806 
59.67531627336779 28.705260744546695 75.70130502676291 35.407438786472625 34.56679334085106 56.48170348363131 109.06290901872241 26.245872660984226 
59.27115190292092 28.472394726738827 75.2742953138574 35.472800839799774 34.138020413385206 56.199925652643515 108.67521779466207 26.74109151541784 
58.78267927264492 28.15501523087368 74.76575085573786 35.45652569138676 33.628503264107266 55.831182634168066 108.20208492208035 27.171377782966402 
58.39825284552274 27.94157581914515 74.3640828246694 35.54729615088709 33.22666300521377 55.56384151597799 107.83189154868968 27.72495554718897 
57.90715872174091 27.621475579220817 73.85863435059352 35.53473844662563 32.72186389178388 55.187201514441675 107.3539484591077 28.19099258415315 
57.37548016505196 27.260925670982047 73.31554610278009 35.485287857807094 32.180280011065925 54.76735944434054 106.83436151384579 28.63546359119696 
56.89840213784787 26.95525502245467 72.8300608782036 35.49449332652458 31.697201108380376 54.39951420031726 106.36833609343975 29.15345248333565 
56.369803134667556 26.5985034818564 72.29611548582972 35.45660933226278 31.16662585699932 53.97755853966383 105.8497688367879 29.638742055569605 
55.909956122399386 26.311124253394958 71.83404173448022 35.49229682940769 30.708964400256402 53.62177997469775 105.39894848125425 30.21151282570045 
55.35212627018468 25.92658332160951 71.27716420662551 35.43522092227079 30.157637871538306 53.16545845772132 104.84915348678622 30.70493874521464 
54.87411433909815 25.62290475877882 70.8033436874501 35.463594138437024 29.69062378784912 52.786409728633075 104.37819531330852 31.296728651389444 
54.26045666940971 25.184872880550678 70.19717718617989 35.36237622820074 29.092658283673895 52.26918526299408 103.7706182883167 31.771324400299456 
53.77609387276936 24.877703387603685 69.72366665610149 35.39694258662519 28.628907325050744 51.878740927896374 103.29136817105874 32.39356778894301 
53.11322215960198 24.393897457383567 69.07507034253778 35.25993521697067 27.991820870680314 51.307288275935385 102.63264334255481 32.85555019682743 
52.54731455818915 24.009266079511086 68.52692401410917 35.227283479740606 27.457157277352245 50.83031573378917 102.0699158768034 33.43263220284754 
52.00001460181605 23.64582725166097 68.00093465236742 35.22109719088884 26.946880571333644 50.369482261822306 101.52482506831846 34.04633575259475 
51.41526131707936 23.247934912449168 67.44110543144522 35.18579088895456 26.405289468604384 49.86874231786654 100.94130224774307 34.640467707436244 
50.79924737447697 22.822241518302057 66.85369384720443 35.12804111856001 25.838980059190625 49.33430398637333 100.32552874517762 35.221076634251524 
50.187575304540594 22.404859214757916 66.27436789729808 35.08394161968136 25.284007116785705 48.80178517629734 99.71309190285263 35.82360773642766 
49.57507362084662 21.99118149031521 65.69802215139873 35.04881825023059 24.73570593562624 48.26602972916953 99.09880097668172 36.44271776437302 
48.87547916988947 21.495571676504618 65.03846002922775 34.93690994845762 24.10838107605361 47.64078975749829 98.39636924469211 36.99195622205309 
48.2132831226513 21.04321574567746 64.42023969856682 34.873213137166495 23.527159492826026 47.05057162852198 97.73025973496381 37.59561028050365 
47.57937681756434 20.62577564016366 63.83431979995478 34.84912576758449 22.983644308266935 46.48628180324035 97.0913307803326 38.24434960372412 
46.93784194767678 20.2081876289379 63.24484948750197 34.82923548521119 22.44271376178805 45.91201702381469 96.443625889953 38.902015575045496 
46.23661906897238 19.739339640587698 62.59983675895945 34.76198588590255 21.8531993280174 45.27573282662196 95.73504191165081 39.51628889575791 
45.55170575641045 19.296278824981183 61.97534639730763 34.72387218229012 21.292094308237925 44.65344170793024 95.04152680826331 40.16288687693154 
44.93135935199403 18.928424148769583 61.41970246331921 34.76364122103953 20.808767761717817 44.09341588697947 94.41128198851504 40.889765362592925 
44.17789050914493 18.439370000685773 60.735281537902814 34.68408205452116 20.206769822649147 43.39798087131219 93.64655539250458 41.49891148185385 
43.45606451598635 17.99529744210205 60.08691369065985 34.65042405227119 19.652245113508506 42.73191680762437 92.9120423096989 42.15474420531758 
42.784600017053315 17.616482221528326 59.4933807872255 34.681832178360274 19.165443448749738 42.11395723844857 92.22638354368576 42.8756123173692 
42.05400965957298 17.195143386147766 58.8452566537113 34.66924397147232 18.638571726845125 41.43462979174587 91.48000544391724 43.55163432187683 
41.35952372374814 16.828372626119787 58.23783014887835 34.70828930198083 18.16872718460747 40.78917986394293 90.76804285724783 44.27762133135234 
40.57359389189431 16.390640320500662 57.543608288993 34.67179007990871 17.63040796974445 40.0500744525646 89.96284214667372 44.92558008419087 
39.81779622594049 16.00569589209524 56.88421848375604 34.68165900631418 17.147418541441684 39.33890520950471 89.18586333842374 45.61661514832746 
39.08513278755007 15.668860186782203 56.252709305086526 34.73119682902141 16.715167390286005 38.648690150997595 88.42998082226919 46.34322973336496 
38.4107750898442 15.417751164771264 55.684292963762154 34.85583132138534 16.371397967326473 38.014617215401245 87.73022578349068 47.140068286794865 
37.55308978733843 15.0132813765304 54.93736988488474 34.81413842267427 15.877190682054813 37.195070077910856 86.84481076127597 47.76494126629608 
36.85725237991318 14.803231279410529 54.357141140521115 34.95145134912976 15.580539176917512 36.53524200097906 86.1187420960955 48.56243784789196 
36.133373694232205 14.600322000851053 53.75373348346344 35.077982472447594 15.294423426231187 35.84526248733926 85.36194501460014 49.3420513157895 
35.348660329511326 14.374308568515131 53.09435814736974 35.16097918466383 14.988899512003952 35.09235792663597 84.54142252231954 50.07033830150475 
34.60084400324382 14.225329814911136 52.476738324911416 35.29814871444663 14.764441201365726 34.374281176097774 83.75468302122722 50.84434678673313 
33.79809929872266 14.063737527000413 51.809024799301454 35.397571421837796 14.531755185802576 33.59922958277346 82.90965613340632 51.571532348651324 
33.024707609473374 13.975667627611275 51.17545749524484 35.54336038609955 14.377332767153911 32.85150924911894 82.09035450312525 52.33542041749176 
32.30437355400886 13.986266331885602 50.59967919098121 35.75897357258512 14.326651929250913 32.15485182317385 81.32018782564757 53.15892079232837 
31.52233142324655 13.981716496762068 49.96683891936496 35.92931614525248 14.266177118771818 31.394521384825136 80.4840666377239 53.92643194771245 
30.796606518962065 14.080436573101675 49.394849879452295 36.171997778363504 14.314532180431053 30.688576297209643 79.69966069853206 54.75509995771322 
29.9992511999677 14.154278138547717 48.75562163619039 36.35856476960091 14.343675884332205 29.90910585233786 78.83863174618008 55.516051820348494 
29.241251948853588 14.313421934613444 48.15996288034664 36.59940324336933 14.46378312047014 29.167138038077173 78.0115369095554 56.31929946015505 
28.545858026850375 14.579723330740292 47.63090527487493 36.91706397878232 14.69658478699653 28.485969010421552 77.24115330936954 57.18706494080084 
27.735285072839023 14.773457635677877 46.99040170316805 37.13296217773014 14.862117357768733 27.687867645608097 76.34917717135843 57.94048020884694 
27.027749510498477 15.11041553166127 46.45635474552933 37.46440799116175 15.175831359159925 26.991111056756417 75.55325328516538 58.79661720041543 
26.223661497778433 15.388169231172244 45.82880308637517 37.71079549020123 15.434877051524204 26.19617883184334 74.6531625180852 59.55467601825817 
25.497254718408712 15.77778022870708 45.28154413048434 38.04522833747367 15.809835245342466 25.47738431677139 73.82244566788648 60.38760946184401 
24.799282848319304 16.22657184649911 44.76482265597014 38.41721195709927 16.24751353294453 24.785572800883156 73.01109348725164 61.2448137414721 
24.07571474524624 16.676893500220444 44.224017571261626 38.771344236028106 16.68973247758717 24.066818676420507 72.164234950645 62.070817445771034 
23.374479240476077 17.172924249442644 43.70637770891463 39.15405565041408 17.18014773618272 23.369172470166465 71.32887469828877 62.91201969587118 
22.670494500892733 17.68574903605368 43.18604172702804 39.53863384506101 17.68934075011138 22.667692726709916 70.47891472787035 63.74171255554487 
21.989607560762597 18.237333108700934 42.687967886770934 39.94915838889499 18.238803413692995 21.988388340106255 69.63908609996538 64.58401346201916 
21.344751080652358 18.836702674273997 42.224081020934044 40.39665297374535 18.83712514098266 21.34437836640254 68.82109796684281 65.45001498590027 
20.681307973305213 19.425324116138242 41.73862770566339 40.82444601947767 19.425375306230496 20.681259898431428 67.96899492849461 66.28314292285489 
19.98616561129423 19.986165611294208 41.217221867470826 41.21722186747082 19.986165611294208 19.98616561129423 67.06820493628793 67.0682049362879 
19.422604585799892 20.678588442966912 40.82172648913932 41.735908175325086 20.678540368093127 19.422655775892146 66.28042339251652 67.96627539815633 
18.843005571003992 21.351053977382314 40.40295587047533 42.23038391766401 21.3506812631325 18.843428037712656 65.45631788263024 68.82740086357275 
18.23611560425004 21.988390056311662 39.94794088444409 42.686750382320014 21.987170835655323 18.2375859092421 64.58279595756827 69.63786859551446 
17.680948510608005 22.665693975447027 39.53383331961533 43.18124120158234 22.662892201264206 17.684540224665707 63.73691203009921 70.47411420242463 
17.142118713920766 23.343673704954156 39.123250114892194 43.67557217339271 23.338366934644544 17.149342200660843 62.88121416034931 71.29806916276685 
16.65613666910281 24.054957914128572 38.75058740491047 44.20326074014396 24.04606184530284 16.668975646469537 62.05006061465342 72.14347811952732 
16.1448635951432 24.71757459696336 38.335503705743356 44.6831144046142 24.70386454952721 16.16580528158862 61.16310549011621 72.92938523589571 
15.804291211039972 25.523765700741574 38.071739319806554 45.30805511281721 25.50389529910425 15.836346227675358 60.4141204441769 73.84895665021932 
15.46374753343256 26.29923980003872 37.786373792461546 45.90438138863545 26.271757134103623 15.510455353784522 59.630254320518496 74.72874082034546 
15.097793349233529 27.01512732807078 37.45178580873401 46.443732563101634 26.97848887432872 15.163209176732185 58.78399501798767 75.5406311027377 
14.800435060172104 27.762262497333214 37.15993960222438 47.017379127662245 27.714845070102296 14.889094782262957 57.96745763334119 76.37615459585264 
14.512517633107187 28.478652329217308 36.84985828114922 47.56369957724184 28.41876331278849 14.629379089363427 57.11985924316771 77.17394761173648 
14.305240313969756 29.23307032820987 36.59122162272565 48.15178125970293 29.15895641743346 14.45560149982645 56.31111783951139 78.00335528891168 
14.204157575977831 30.04913063739779 36.40844420703102 48.80550107362049 29.958985289767952 14.393555321762317 55.565931257778615 78.88851118361018 
14.110883219572631 30.82705316543299 36.20244442483447 49.42529652592323 30.71902294368057 14.34497882690201 54.785546604184205 79.73010734500298 
14.006988451184593 31.547603377669052 35.954588099675 49.99211087378746 31.419793339247637 14.291449073194341 53.951703902135 80.5093385921464 
13.962257877725065 32.2803650998483 35.73496511842459 50.575670736820655 32.130843369013284 14.302643475090374 53.13491233816786 81.29617937148701 
14.052258608586605 33.101298590448685 35.61995136707488 51.25204847622016 32.92810023009425 14.45392374812924 52.412011398467115 82.16694548410057 
14.084909626329953 33.81927139805219 35.41874352116734 51.83019689863098 33.62040168210299 14.552927285132117 51.5927044479809 82.93082823273585 
14.227163338172053 34.60267752650471 35.29998223770756 52.478571848172315 34.37611469935867 14.76627472462664 50.846180309994075 83.75651654448814 
14.406373976276912 35.38072573727313 35.19304459242559 53.12642355513154 35.12442333439777 15.020964919765737 50.10240370926648 84.57348793008134 
14.654146606186313 36.18719829956744 35.13180707778287 53.807558088798686 35.899087092674506 15.348248031566447 49.395875921124784 85.4157696199354 
14.838885964456672 36.89290706495931 34.987106034175916 54.39279582556724 36.570896686025186 15.616193861963655 48.59809253293812 86.15439678114163 
15.129471405941965 37.66927981674998 34.93032845208584 55.053559914296294 37.311260107322404 15.993380711466376 47.88113129570766 86.96100079068754 
15.388682416597218 38.38170634167015 34.826762573211305 55.655224215588106 37.98554846722719 16.342329219152425 47.110999538620845 87.70115703531663 
15.684262876916113 39.10053547768397 34.746599519155325 56.26811199522043 38.66409284113149 16.73057008041991 46.35863242349889 88.4453835124031 
15.977781124022911 39.78988145786816 34.65374423824186 56.85630371568371 39.310990441432374 17.119503773369356 45.58870038025516 89.1579485703514 
16.445028226513347 40.62798179790698 34.7261779859214 57.59799619500568 40.10446235857728 17.684795875757132 44.97996799020358 90.0172300526864 
16.849061450225932 41.380212547854285 34.72897812608698 58.2585189729845 40.80986868804907 18.189416008713614 44.298310155458516 90.78873168135398 
17.20868984549987 42.067556118925076 34.68279043082443 58.8588031130634 41.44817625109796 18.65211818619722 43.56518078122897 91.49355190326932 
17.62049997037662 42.7886177659016 34.68584992720859 59.49739853607379 42.11797498729686 19.16946119759803 42.87963006621754 92.23040129253403 
17.99924872710825 43.46001580099256 34.65437533727737 60.09086497566606 42.73586809263058 19.65619639851471 42.158695490323716 92.91599359470513 
18.436892321821574 44.175412830280735 34.68160437565698 60.73280385903862 43.39550319244799 20.204292143784944 41.496433802989685 93.64407771364039 
18.871063041322742 44.873998244547195 34.706280113592705 61.362341355872374 44.036054779532634 20.751406654270976 40.832404255146116 94.35392088106819 
19.272081082647563 45.52750801407682 34.69967443995652 61.951148654974006 44.629243965596615 21.267896565904305 40.13868913459795 95.01732906592969 
19.74979600518689 46.24707543357156 34.77244225050175 62.610293123558634 45.28618919122115 21.86365569261659 39.526745260357124 95.74549827625 
20.143007469197002 46.87266178793587 34.7640553254703 63.17966932776106 45.84683686407378 22.377533602047148 38.836835415304634 96.37844573021209 
20.60296209934976 47.55656327675044 34.826312226770604 63.81150625914088 46.463468262426446 22.960830767453032 38.221536062910246 97.06851723951868 
21.047491629596614 48.21755900657044 34.87748902108565 64.42451558248595 47.05484751244113 23.531435376745172 37.599886164422834 97.73453561888294 
21.49826909336261 48.87817658674746 34.93960736531562 65.04115744608575 47.643487174356274 24.1110784929116 36.9946536389111 98.39906666155011 
21.877533562784837 49.46142569331626 34.9351703227002 65.58437422386837 48.152381801639166 24.62205800809587 36.32906983684261 98.98515304915136 
22.364335229342377 50.14705131912505 35.04341763426583 66.23384391188253 48.76126119088178 25.243483131370155 35.78308375101214 99.67256791743706 
22.78913580829555 50.766141664470474 35.09493540855349 66.82058813719793 49.30119827636683 25.80587434918412 35.18797092424498 100.29242303517114 
23.21526765383597 51.38259405846616 35.15312363034137 67.40843817283202 49.83607505925334 26.37262220999118 34.60780044882307 100.90863498912987 
23.651151043320013 52.00533839347509 35.22642098254791 68.00625844402646 50.37480605348136 26.952204362992685 34.05165954425384 101.53014885997752 
24.06423992941656 52.602288408094616 35.282257329646086 68.58189786401465 50.885289583694636 27.512131127257714 33.48760605275305 102.12488972670889 
24.374462378419885 53.09378708063828 35.24050013800699 69.05563526357409 51.287853196971696 27.97238579171663 32.83611511786378 102.61320826359112 
24.84059178482789 53.738982269993556 35.35983098384939 69.68655505332569 51.84162932512057 28.591795722274945 32.35645618616723 103.25425656828294 
25.173982897283345 54.24956668614238 35.35148624493341 70.18628720291254 52.25829527972674 29.08176830040656 31.760434417032155 103.75972830504935 
25.496237970324263 54.747447550643585 35.336927349982474 70.67667689899554 52.65974294017852 29.56395699939456 31.170061862934915 104.25152852485395 
25.924372133163754 55.349915081738914 35.43300973382503 71.27495301817976 53.16324726927556 30.155426683092543 30.7027275567689 104.84694229834047 
26.32610309994271 55.92493496894713 35.50727567595545 71.84902058102797 53.6367588212455 30.723943246804154 30.22649167224824 105.413927327802 
26.62327648788211 56.39457614069326 35.4813823382885 72.32088849185541 54.002331545689536 31.191398863025025 29.663515061595337 105.8745418428136 
27.010771330116086 56.95391844550928 35.550009634186 72.885577185865 54.45503050797868 31.75271741604179 29.208968790997083 106.42385240110116 
27.300829813459256 57.41538430752917 35.525192000284314 73.35545024525729 54.807263586817754 32.22018415354313 28.675367733674186 106.87426565632299 
27.591389751171214 57.87707289369132 35.50465261857601 73.82854852254394 55.157115686392075 32.69177806373428 28.160906756103504 107.3238626310581 
27.890308385964413 58.346985412342 35.49602871770637 74.31281539148867 55.51257408279726 33.17539557203303 27.673688114008254 107.78062411550896 
28.194382224349102 58.82204626612034 35.495892684862184 74.80511784921329 55.87054962764349 33.667870257582685 27.210744776441835 108.24145191555577 
28.393156125464856 59.19191330164695 35.393562238525796 75.19505671258342 56.120687051369536 34.058781812111235 26.661852914143857 108.5959791933881 
28.723742536690086 59.69379806551118 35.425920578616015 75.7197868189063 56.5001852757747 34.585275132994454 26.264354453127616 109.0813908108658 
28.970831474837407 60.11247668063079 35.377427134432644 76.16402784550232 56.793808349855325 35.032070149044756 25.80317029639108 109.482434290297 
29.210675027769334 60.524275131364185 35.324102704480424 76.60404953697861 57.07787079733621 35.47544615369438 25.35478798775215 109.8754051815905 
29.451848238336936 60.937830831302925 35.274290867194075 77.04843321454301 57.3609992498311 35.92400250741147 24.92802567353583 110.26890871025154 
29.678495496978652 61.33733961076957 35.21190480412271 77.48131870476482 57.627379502658236 36.361904835713034 24.507281476401452 110.64710684375662 
29.892837631211393 61.72506332176632 35.138934737341174 77.90491188588285 57.87926419105097 36.791391911116094 24.095043451004127 111.0122259745345 
30.038281517811395 62.044439894661146 34.99855781892624 78.26259468628028 58.060082921036205 37.15588504501617 23.635001921558747 111.3076670542951 
30.27095926336595 62.45162289988934 34.94667752889985 78.71046458871898 58.32598190823473 37.61152703544853 23.283591213322563 111.6895452334143 
30.439987786940545 62.79574145523775 34.83218342494807 79.09759448119975 58.52608396511613 38.0074415048366 22.890251569394778 112.00694984634951 
30.60175707055116 63.13318875055722 34.7112395181541 79.48032112658004 58.71677710850581 38.400020893870554 22.51171946679871 112.316233015316 
30.763061332781742 63.4707534508248 34.59041553775217 79.86537651214641 58.90484604820375 38.79605736740854 22.155160525548823 112.62414113350992 
30.8611800113717 63.745700868473605 34.406767977629436 80.1899689703261 59.02755344755468 39.13282351888685 21.758251824691182 112.86789611913893 
31.010051502299845 64.07194685719445 34.27401387834715 80.56795702300116 59.19881390807859 39.524245821545236 21.435356490938076 113.16136939278815 
31.138645019436826 64.37842979561235 34.12090271443485 80.928221318081 59.347566046449344 39.89927619144886 21.11589583269895 113.43345394682721 
31.28793411443186 64.70608420454545 33.98818993183199 81.3116382022889 59.514746207394126 40.29886520302154 20.8413224600321 113.72503805084958 
31.327800994477343 64.92474513929788 33.74554127792926 81.58798407185598 59.57019295380692 40.59286609593503 20.48202342362714 113.90590973485726 
31.455728645774883 65.2318403684294 33.59022493651506 81.95462751280445 59.71133934533719 40.97872658254156 20.236010274409832 114.17344906187647 
31.572400545142607 65.52799012491568 33.42271125428393 82.3121290169673 59.838812791160734 41.35708823982636 20.004515723351595 114.42822797613705 
31.545954667958526 65.68126114126012 33.11092677110894 82.52849498553472 59.82068918825913 41.59604019579759 19.656243516754564 114.53826443857491 
31.710277938044698 66.02546111745221 32.98854870353152 82.93747216924616 59.990787493840436 42.02941325783367 19.525657597660672 114.83731699872578 
31.7078369246485 66.20296943017308 32.69783569036048 83.18137835384736 59.99150054000981 42.29961029026324 19.25580631085429 114.96771561156149 
31.760640240380706 66.43569954033012 32.46059025790143 83.48206474810613 60.04475754744909 42.62856829736538 19.069277095047084 115.15132415647385 
31.764618057146823 66.61947851917957 32.172538425475054 83.73529549485043 60.04640375800925 42.912137631370655 18.86256711670484 115.28392007876262 
31.761021607358995 66.79544656356215 31.874729322127468 83.98214717574977 60.037600056353796 43.19148119551065 18.677472807348877 115.40659402422129 
31.839282061967957 67.05291589505973 31.656394209705446 84.31186770483357 60.10768197504018 43.55593303663642 18.603937854866466 115.60860886166768 
31.77985710002637 67.17221736109117 31.29779323068315 84.50472292893978 60.037006400602685 43.785844645311855 18.422888190832566 115.67024641144599 
31.76425547432572 67.3347250458403 30.98024018901787 84.74202124314715 60.00697628804161 44.06260927132923 18.316244572968 115.77283218776859 
31.78705918755017 67.5348785088539 30.69812498228739 85.01813583917665 60.01206300103443 44.380683872693304 18.278932732081778 115.91075777267794 
31.826859628388092 67.7511190041854 30.429850038444314 85.31144093976702 60.03074263018916 44.718525051301356 18.28980783463094 116.06241717441074 
31.77905315946786 67.87868517541628 30.070626253039805 85.51710751446821 59.95829178408394 44.971384471135664 18.24443918130877 116.12300266536742 
31.75281325441452 68.02658532733194 29.729445528294022 85.74407557772057 59.90375995325142 45.24828086035097 18.252072669102322 116.20147720029698 
31.692974398733625 68.13948149243569 29.35096513289191 85.93693828747239 59.81185366464222 45.493883816155744 18.257506634730184 116.24245863267593 
31.724779019504464 68.3424365607273 29.060255151748795 86.22068911280637 59.80768369431969 45.83326068172622 18.385832691686165 116.37096699746414 
31.634339828168333 68.42137686041404 28.643261414370592 86.38118445826167 59.67722772535301 46.05233888371823 18.42289421017606 116.37288724762179 
31.652561329609497 68.60701394603055 28.330727659413593 86.64906550131805 59.65125220666412 46.381827487820814 18.59920635551489 116.47889120054079 
31.529685823604506 68.64939092317391 27.872742265977244 86.77430457220954 59.47985874129592 46.57176330258334 18.66450305884279 116.43898402323411 
31.49380717798629 68.77639659213082 27.49725283546814 86.98471935827372 59.39099828562722 46.8500248148593 18.846254130651197 116.48101853815695 
31.42549977116694 68.86839481071415 27.084696026182865 87.16060233305087 59.265100559090065 47.09696135827747 19.0242997372786 116.48532474953561 
31.332388388063038 68.93279486270224 26.64256842915117 87.30929119638982 59.10964445002122 47.31996330223846 19.20542775515795 116.45928037611817 
31.359933307256963 69.11483707167504 26.316212727541497 87.57595456518204 59.06994365668093 47.66424750232838 19.534167903012865 116.54809662962455 
31.19751588504097 69.10367896738992 25.7949044496958 87.64967822166022 58.83523286983109 47.81894332036914 19.69888757861162 116.44090454548757 
31.140473532958485 69.19443090226717 25.373888216766748 87.8255008165878 58.70070339371046 48.07912811271272 19.99383790367099 116.43279076287183 
31.14825619998636 69.34631322946908 25.012535600383046 88.06257113854417 58.62566031618028 48.40398429924519 20.377321706123272 116.48295486483987 
31.02308976797109 69.36132045083066 24.51301000316086 88.16281235724877 58.41218663562236 48.595463422268985 20.65036849814709 116.39337368628262 
30.97224624996969 69.44649222317135 24.08253845584278 88.33319312910284 58.267414232481734 48.8605570846154 21.019016036074987 116.37107247747845 
30.879019675051882 69.48489010458542 23.604389218695253 88.4567044461629 58.07450056646576 49.08227364930614 21.365297097799097 116.29910180419435 
30.851727942741842 69.58460032103538 23.186875474386454 88.64136250845269 57.941631379193375 49.368640981692224 21.796251571810608 116.28554046395223 
30.73442902691249 69.58945092925862 22.674073496216387 88.73092599517595 57.71273777784466 49.563423610556264 22.154652106084253 116.17421279375974 
30.564826405279668 69.53691824735213 22.10373017197093 88.7628026057184 57.42540257078807 49.70402917987787 22.476918113797698 116.00259523995254 
30.561329449270406 69.64518828202522 21.69432562243234 88.9551105989255 57.29792158387451 50.00856992043777 22.98018383663848 115.9888779184196 
30.53916422407435 69.72926859554674 21.26118636881926 89.1227907731566 57.14541540021716 50.291974584314836 23.47841591815428 115.94807660752457 
30.47897341626108 69.76958932201389 20.785087771275304 89.24620759619653 56.948430232976605 50.53458955176746 23.95101923516924 115.86063388264702 
30.366074555382777 69.75126249068154 20.251514909890712 89.31040864220117 56.69219708889268 50.721438267935646 24.38210020412135 115.71167854939623 
30.361322523003118 69.83494564026493 19.82152790710553 89.4759883190156 56.53749520659383 51.01308499280591 24.931333618748067 115.66188935874604 
30.29788302994726 69.85361639473979 19.32853837799075 89.57586255580598 56.317426440447065 51.24240953432356 25.43073976939128 115.54426967398014 
30.269199345806012 69.90054027378902 18.866279298272552 89.70323672356886 56.12538286346366 51.50257523699977 25.97265419912829 115.45211536199577 
30.21383169772004 69.91411114358499 18.373647712764686 89.79644619362115 55.89988699544609 51.73186963073855 26.494569583046534 115.32385531409547 
30.192802560745903 69.95519751859939 17.912053511374655 89.91630274418426 55.70193786769715 51.99105094946334 27.05648301790057 115.22039780644572 
30.148554055036414 69.96610091799505 17.424380491078345 90.00505301804785 55.47396912860826 52.222306721840994 27.599854996417356 115.08408890329508 
30.094824291971534 69.96043310720661 16.924866546036572 90.07625586136682 55.22972602163079 52.4391312633242 28.137486960729873 114.92858973315545 
30.10113109261643 70.00760063693681 16.483591404046656 90.19926695528578 55.038749648884355 52.71081048023633 28.738005903770663 114.82336104983084 
30.039324954425545 69.97935854495023 15.973033771862395 90.24579260526396 54.77293038693886 52.90897584967424 29.272417933334324 114.6402169434 
29.985529456930568 69.95175140170673 15.470016054380377 90.29183086866458 54.50844863709025 53.10954575458068 29.816049022195863 114.45526588199006 
30.018548905021305 70.00352148981234 15.054116402580384 90.41607981013986 54.32418270149897 53.39113396220151 30.44695277010506 114.34731887418616 
30.005053419613667 70.00129431971322 14.592858230848172 90.48512308682987 54.08689398911425 53.620235446542324 31.031095410027 114.18307495444688 
30.000087350329892 70.00008735032989 14.14222297406085 90.55393873170405 53.85173542167494 53.85173542167493 31.622863952013674 114.01762986024369 
