0.12910391425283577
0.06736566302794175
0.1111541427490755
0.18679958477271888
0.1757901161184466
0.03023603574185033
-0.02106339597723479
0.14977366530922945
0.04010127103936956
0.19397607281438875
0.03655692508124117
0.06073181443703567
0.035167669887149235
0.07287312115206612
0.09935634405139324
-0.09327777591402135
0.006835015962714077
-0.03393898641020639
0.10252168865129783
-0.11272855000579204
0.0933942839539461
-0.09781165598587076
0.15170895138872115
-0.10285207281130967
-0.09193582042031662
-0.06443084708510213
0.16730613648854967
-0.06716230169074289
0.11616819949114429
0.13436675978513823
0.032096927158261415
-0.00786194738467666
-0.05504676591762522
0.02462572333847279
-0.19841324834763033
0.05617084138871671
0.08090387683627995
-0.048764997805179
0.019124301748059694
0.0239693852881911
0.09291880244515924
0.05737651507602754
0.052806805208813715
0.0473244880044743
0.023930237952023696
0.0290624884223937
-0.08499366749005853
-0.014525014179090419
0.1769471680873116
0.010028537279473625
0.03709526792948481
0.08311757658797395
-0.01774617854698609
-0.1042717278318232
-0.14183757264277713
0.058556452586906754
-0.05422002486466643
-0.10545160552556668
-0.05315764990532665
0.07019220052826183
0.16666213899771107
0.021572458506448684
0.16873366570723874
0.03558163633477592
-0.07320551642363907
-0.017823705044506262
0.10851475230487964
0.005733172346949228
0.13843176878556557
-0.01942878603815608
-0.09139659688274329
-0.044557595845919125
0.014880050921182681
0.06962451232689444
0.10080614546605295
-0.10668937665516713
0.030614627593350416
0.11313760147821203
-0.06857527132946552
0.0834909909854183
-0.0023079518082622097
0.018500915042100004
-0.12897069984830933
-0.12412689381715582
-0.10197022619249277
-0.11500498707097907
0.0021844661725854662
0.1693777831848978
-0.08394161055226036
-0.07681581073665103
-0.05977813988097184
0.01991066438641407
0.04562273734028418
0.11460402759892692
0.1824687385605048
0.1712588248519807
0.012468350655009591
0.1664568514620801
-0.02561418052489183
-0.03686453260564773
0.03225759291569846
-0.04249208017593812
-0.0405375675295234
-0.11405339497982193
0.02246609767777178
-0.07377632096821829
0.09144854864587862
0.006035113521206964
0.07641677238535635
-0.06502777552106617
0.04148113067499135
-0.05292007191204072
0.1376149414322972
0.028786847363252207
0.033915398980951555
0.012440121446101956
0.09992135168583241
-0.09606835144248005
-0.028653411026025602
-0.03273389789786309
0.05951333061387632
0.15500373265901898
-0.09125354132826191
-0.1379549508097771
0.11800101673991427
-0.0004641834357677258
-0.15472163202163272
-0.057765658032353645
0.014958357695835173
0.054482080767158124
-0.05529525352182471
-0.05530880915573437
0.056959830121043886
-0.09753392600808733
0.1328373210165334
-0.13660145144111732
0.12112804699295951
-0.07488841907729438
-0.19161637435177775
-0.09587668071161651
0.042715510804682805
0.0795696046958037
0.1734563540063125
-0.0033720642724616684
0.09437333892422896
0.031313704951412676
0.011786595353467315
-0.07593160369012114
0.03953690063921059
0.11370062308445356
-0.0036647527861306687
-0.041169640565395904
0.10834337857102067
-0.05996092003965619
-0.1074319491374189
0.04248107427742365
-0.13610838923540736
-0.007531563174762503
-0.08156384291022446
-0.059232861020488886
-0.036121804693958925
0.1921434876678511
-0.13926572209991667
-0.1524629359445577
-0.00839984905689424
0.09142547554413857
-0.04428569483254235
0.01737198789782303
0.052808665930108856
-0.05669768502215571
-0.08306864234071121
0.022309208793100974
-0.17651401933998112
0.021554264200119563
-0.07732016937341929
-0.030356433623487254
-0.06068802202896527
-0.0705397714464489
0.22578309492095
-0.010832057723246542
-0.15233527357364812
0.02252947504913913
0.001597743134590525
-0.1107562584884377
-0.06498821133314897
-0.21815529265916883
-0.05824228628312166
-0.045463352153756416
-0.03583946093544461
-0.03408746793156886
-0.009261257707481717
-0.1422317877016791
-0.0047340535480397405
0.07119250174867162
-0.004967948435303217
-0.12018623029272192
-0.13912314716734062
0.16929048454251922
-0.03501763768686767
-0.027961074109201615
-0.03032644419495708
0.09316298646702963
-0.04374072490090062
-0.028602661559256705
-0.05023697660068995
-0.003254735021605455
0.017284887366086778
0.030410943332291523
0.024032094348427582
-0.0528878208560951
-0.16862052795976037
0.08013350161590761
-0.003420457607751934
-0.13683914234017452
-0.00838306972207183
0.04412003121766268
-0.04273355726847061
-0.07839299251705983
0.041744968513369396
0.07911040180785525
0.06645385766032208
-0.1112847580580536
-0.029961416203681535
-0.041417549077319454
-0.19023394344368766
-0.1503582808954289
0.08336144653123485
0.013061647533916036
-0.0048713848482243305
0.07130007618867258
0.00941689060564041
-0.15498581388202043
0.024228205378210778
0.03557580047420501
-0.022678438729844173
-0.02999188984582367
-0.04066822194369431
0.022130636840323088
0.010976649564027515
-0.08917138180502789
0.04776736188168212
-0.0563136995207566
0.019463202090063532
-0.03307891683747808
-0.06574645725653437
-0.07452909676830555
0.1362696121514423
0.043747152197297356
-0.03040283036312879
-0.07612871518353649
-0.14773173143211368
-0.10063424986935665
0.01658518944710763
0.09804714635110198
-0.1390676198633756
0.044956974765781435
-0.09260242850788004
0.0924498357536772
-0.043608715962627775
0.022836056865987376
-0.27061318970974363
0.14266983085442903
0.06709059071455079
0.024306919358755733
-0.09580211224842929
0.04874922623324959
-0.09404218158407006
0.06915526259339483
-0.02990732854097998
0.0046536917339167275
0.13391443272345252
0.004581533575139428
0.04564460066338407
0.06845464957246919
0.1265998271583638
-0.11275197136213327
-0.019033105408170624
-0.025574254005858648
-0.0914175980464863
-0.05821467585404215
0.17586434228279188
-0.021476601404589644
-0.13897422598478884
-0.03610278266645047
-0.20463628403491982
-0.017140936910023254
0.05718813320996491
0.03471869714285991
0.017762098003761155
0.1428631415535248
-0.06596750942340474
-0.0692179651403669
0.02822677498917584
-0.0791731637408773
-0.0013422733036227777
-0.0731681791762879
0.14498182771557114
0.0011342670644096317
-0.12371538177509563
0.018639751964513715
0.025004908583334394
-0.14975342806984393
0.02049078128827802
-0.10646473823322747
-0.08885892557558536
-0.16365763440467668
-0.02475074607611033
0.06756386237603185
0.028216727233593482
-0.1770837405693054
-0.01054575775384983
0.007499214777625544
-0.15202757792622779
-0.14889379770315575
0.10125591325944705
-0.14746256527015963
0.001307156746426029
-0.11748600735638559
-0.09948122393242495
0.015687812695423846
-0.0735692366636333
0.09974641477396326
-0.07956012579581709
0.07878177645907539
-0.1570237897570874
-0.02234358640359561
-0.19238759510660644
-0.1513053323574
-0.11268648671211914
0.051669203528896625
-0.04009243330095502
-0.1292160642017858
0.03466231725502211
0.08187390358266317
-0.08489855317237871
-0.011369897161433905
-0.038503871439107926
0.011904731262836263
0.04479489119518704
0.004228943620303877
0.054693440574625315
-0.005760977087567414
-0.0027863471156784354
0.05904399926311321
-0.00917819033880432
-0.07060120428549298
0.07388036069068638
-0.04797770211986372
0.08826697208702146
-0.059413306995141434
0.08324818244709255
-0.00020463765226613664
-0.0780300064395817
-0.013548420941830251
-0.014036907740434654
0.07508304049285616
-0.017048303390955623
-0.2169902191041289
0.1606439826150117
-0.13553442132777574
0.017045734261487134
0.01714150265651007
0.05024081077368542
-0.021230523289943768
-0.03403856583606296
0.1872885831189489
0.10305771887018145
0.0349787167917028
-0.07304063972962098
0.11553268919539691
0.1184176278526012
0.05472421067238929
-0.08579892661892338
0.019762928104176396
0.0152885413078173
-0.15311895674181386
-0.015628746503031515
0.04346406414263998
0.015497664598038557
0.07588620090905435
0.059434735781902746
-0.010849417471345489
-0.08394651330073126
0.06248805055377195
-0.07538071984068544
-0.02596641377639026
0.07255573672195657
-0.15843666003203277
0.02237172060342943
-0.017448840736579797
-0.054930048403334764
0.06712295778312513
0.02430829791325153
0.08154329394412892
0.1385227565669474
-0.09701989253972987
-0.03023378750751998
-0.08477836740782854
0.021901000556558275
0.09370827545486012
0.0909851197224559
0.1006267419994968
0.06496686405410454
-0.1291404608561422
0.0634426169093956
-0.01757527759909646
-0.030353817233105623
-0.015811002241892993
0.14012410937195416
-0.11933909931180875
0.022629761579971486
-0.09271159557563054
0.10717785214814343
-0.00884391962032103
-0.01959627924681928
-0.12907553765120813
-0.04554242055826109
0.039477617308978474
-0.049964777166754265
0.17328267327509486
-0.09000423286350719
0.011816183886833427
0.09327659562601451
-0.010568884630302637
-0.08485990439321074
0.08336369874447756
0.11428120081352217
0.015841892765355674
0.06717286992125288
-0.02844430922489991
0.10228012089589537
-0.06419307910118743
0.11065124831224311
-0.027391388604470015
0.001866997903016216
0.024060211324283307
0.10754166876180249
0.09586091019748277
0.0030730171120898
-0.04925360473553955
0.14599719759703444
0.0920799608717213
0.18464393030327847
-0.09104746367592476
0.030081636849061535
0.07429141578485496
-0.022624297445735866
0.15177821808572062
0.09048968885418471
0.022088757515837203
-0.005519346696956577
0.07688584863339636
-0.16420161309330217
0.21328238363260227
0.09041723744214589
0.04933507733419573
-0.06068275021617995
0.1008729557951161
0.050918240620843436
0.15517866877669148
0.08717708101315605
0.0010216530523115136
0.10256116687673436
-0.0006348850703071125
0.06918287422337539
0.0009388144472576264
-0.06272197963943356
0.05163490037084616
-0.07679007209104764
-0.04133218636375724
0.04079757286802273
-0.20782942950273584
0.012083006947127568
-0.04278961839211615
-0.010513295716926878
-0.13336301907271586
0.11660503424482384
0.0949872277525462
-0.167576609402572
0.15085801275993235
-0.001533586122246619
0.05297855262466281
-0.10103803032831948
0.02070717711610357
0.3265109847750779
-0.039605298566968886
-0.05411886413448683
0.15737367824478643
-0.030058737359085444
0.14447261879693882
-0.12163229880323068
0.019461443768396727
0.018207531216150784
0.009165026492852156
-0.05727118893797234
0.09375352427936674
-0.03598855086852494
-0.010532689715526199
0.11434715143648824
-0.020291659951514142
0.06394768532790755
