0.6810786592005811
0.6964825212898175
0.5890621240825445
0.5773694036146629
0.6392077129818657
0.6105787581830924
0.7254977808934858
0.7384680938190207
0.5380506369980481
0.5242255903479539
0.6619844850443699
0.5842230502157902
0.5395432342578376
0.49220924683888556
0.6829359901624628
0.638923964793577
0.6126045071836317
0.6896718817293461
0.6489591982860599
0.6972465707892158
0.5175389402528212
0.6553488355820675
0.5718921027328403
0.5646839186585891
0.480577549664897
0.4846840370299058
0.46366814783313753
0.5465822831164043
0.46916269699369073
0.48246323748938685
0.5061862186413387
0.5456406023813165
0.6214912739378607
0.4469858981083428
0.5183626293493907
0.490150341723093
0.36613871949862675
0.4360182940728591
0.5317075537230319
0.4117715247718124
0.3920390668616679
0.5389286221175044
0.3759204289917352
0.4379985149040458
0.4148204688252659
0.3826095218485359
0.3002155364252265
0.3254471678248098
0.4829221230485647
0.3529339705824195
0.29050341907127997
0.5134382418986483
0.45881394535858844
0.3343759451776245
0.4479397577006806
0.45351133013718387
0.4218309765739765
0.38822112399631625
0.4044061313457832
0.36564227945881916
0.3626205942813327
0.38222444196296645
0.36079059262677127
0.4816243345654407
0.331564015764607
0.45635338797016883
0.37945329805014494
0.47784075392276293
0.5020271571719735
0.5285179705761747
0.5682147474148588
0.4845076378542268
0.49103355017528966
0.511560755173001
0.520798324352788
0.48686715255194263
0.5482355268649978
0.5802659409284879
0.6494548162049338
0.6027804745515598
0.6092231161682964
0.5226045552787847
0.777661743333026
0.5450547679451215
0.5859893744672977
0.6340297461199986
0.7335783350670328
0.7135802627173279
0.6788583762770085
0.802407863588933
0.5440142136448591
0.6071463268971179
0.7153726354102057
0.7361300828672569
0.7582363331594901
0.7044765782611991
0.7322724246094456
0.7360449813223106
0.8404408729997271
0.6925299239681911
0.9034609983800995
0.7282428309496781
0.7264928552917699
0.8646543802219688
0.8088879792436698
0.8748643318547673
0.8619679603118479
0.8747602888005387
0.7657643336006081
0.7714204010070663
0.8304057300037072
0.7949743530550757
0.8711834413248213
0.8641484099693246
0.9543881437771636
0.7372035800048383
1.0027008381224527
0.8679396150949248
0.8407351168515483
0.887482272527388
0.8894504101232887
0.8687268863504963
0.8840960580480491
0.949077924739224
0.7407843622147341
1.0009461257235184
0.8632610320301283
0.8043902505033667
0.8367804745488053
0.8766220105889959
0.8961450478155714
0.8648092220647211
0.8283727064443153
0.8976118058004742
0.7868844816222251
1.0998996531137613
0.9486069322950607
0.7891269143692665
0.9726996306369022
0.9440995481511765
0.9651311237778903
0.9031942578877232
0.8012886494290915
0.931484051465004
0.782418367321534
0.8269418836142496
0.7810429714584459
0.7915261562827178
0.8625937726805697
0.9177024454127736
0.7546924804492452
0.8063758963905798
0.7457476478421888
0.7962673397661512
0.8254862425997156
0.7582431338694735
0.7644888711002826
0.8447238547992255
0.6515123512077263
0.6476868310744243
0.6117667106592424
0.7559283013392427
0.7429218229745661
0.6758810667104588
0.6311409849399994
0.7201059998707997
0.6921423504478981
0.6649289530046381
0.6036516079888363
0.6877050804857
0.4963781378195816
0.6081137886406246
0.5377271010926808
0.5701889702493957
0.6004993921124961
0.5699785566924468
0.5637756765357639
0.5195415297580486
0.5476254600991461
0.49340754845673446
0.41688066674018437
0.45425973656167257
0.39523213174381916
0.5327947259475632
0.43696842155322185
0.34675841970883453
0.404125369176036
0.5155685199674617
0.5435470182238575
0.3500144624116522
0.32860376343435505
0.4324284781662459
0.3476800447650717
0.46523567274114
0.45674129936355523
0.4784461089752619
0.5240045402693811
0.304358097720793
0.3810181995941729
0.5438108840594026
0.5256884396255558
0.3692068499133719
0.5122423953349771
0.4075441393854583
0.5830422802816275
0.4197681536866417
0.5047341380085208
0.4116143416901526
0.45277222126069044
0.5076546230781038
0.469319693008768
0.3361743599768061
0.5736594044984293
0.5715737163005915
0.4253099424455622
0.4755446241160681
0.4789433861376153
0.4815250482742553
0.37285839849675945
0.6314699455699122
0.5855416390604891
0.526707867130109
0.44883252428559195
0.5986871806413034
0.5051456046772105
0.5060741995544834
0.4921821448937022
0.5381410547616368
0.578800748111085
0.49029661170209277
0.618394010165874
0.5124500500810112
0.5095200030378603
0.6544360018403952
0.4478152848437499
0.6771588251639623
0.5983048523350728
0.6510116928788995
0.5359992241545778
0.5740267611861887
0.7518216948887855
0.4285354916413194
0.738079137934927
0.6379859030823823
0.587647732263527
0.6949844315046632
0.5739292058813917
0.5673642645806986
0.6893125979503092
0.5738174532688747
0.5821710215666538
0.6469600980246935
0.7254055460690353
0.7165924994709508
0.5998156386274829
0.640374991740504
0.6064540911132053
0.6205435745720235
0.6563103989423532
0.6119967931112715
0.5898996322629891
0.7267702028729053
0.6704831148422862
0.5808648782918555
0.6354594895791738
0.5451651888013928
0.6990628208238147
0.5660778619899507
0.6454421085953875
0.6695345184476851
0.6954765845778796
0.5166587648759773
0.5405915173326732
0.6022433770739751
0.6298537676576018
0.4943260654073731
0.633666187756916
0.5083610230514842
0.5602084687553438
0.5673122330030169
0.5029896335238315
0.5334695301035862
0.489974383668702
0.5070328816673966
0.469044176564712
0.4823445139328912
0.49727404579535006
0.5206941800925637
0.5351047655889012
0.47850215319223244
0.3501497774444406
0.4411378802040125
0.3977892088119822
0.37029965248754476
0.49443229523921084
0.5493340853615498
0.30446046504357344
0.5091408903343577
0.4919037719220567
0.5593956881009619
0.40286305924549876
0.525214909771246
0.3363466006613503
0.51207157944592
0.45314587111827975
0.29635133322899115
0.3842378763528787
0.3686712994170707
0.34609040344960995
0.36253513003950144
0.45127520015377104
0.40928358262317666
0.5113773417562408
0.3507601327496517
0.4474260022468132
0.6864896350408762
0.4085615567762628
0.49741586899191964
0.4886657490695579
0.4823030117234046
0.535798058295046
0.4191658832735738
0.5311319568410454
0.5011965875895703
0.5170632764425493
0.48964013534096795
0.5541712257133484
0.6525618226801128
0.46608626711943635
0.6083164498417126
0.4963256941158737
0.6748548905506715
0.6918377923098528
0.5662165430871846
0.6107842892581229
0.5555039738554646
0.6385967862369973
0.6288979215908951
0.7312730252661745
0.7601114300834056
0.696965052024813
0.7173679943487488
0.6821624862736948
0.684256657817239
0.8043487088226295
0.7127721531534086
0.7750240073606682
0.7729058079170886
0.7393717922273466
0.784692519706455
0.646133839154528
0.7496823932233786
0.80033130538032
0.8102696261000848
0.7585666863098149
0.8088675048892495
0.8458479742033663
0.7978527092657466
0.9142913925101195
0.8257286756789148
0.703835793251794
0.755218639043561
0.8142310393290061
0.8928933679499415
0.8676722251142982
0.855570175115705
0.9388999833109443
0.9442956663332034
0.951698558729223
0.8341238743202065
0.9176189923729561
0.8546480736005754
0.8085485574582439
0.9108461900137977
0.933565777628245
0.8362087163478731
0.8311474401742166
1.0924570763150956
0.9490856872389397
0.8933905257744118
0.7764162717831559
0.8872575205519617
0.9014489181416239
0.837521538211336
0.8563680998052314
0.8354296717026388
0.9004974134386401
0.9079782884209895
0.8352214498746847
0.8715860630066281
0.7713189471130706
1.0031455948820032
0.9049791800883761
0.7886033092983331
0.7890075440656975
0.8300237285535516
0.8408104123556744
0.7533675115041361
0.6702943620743644
0.9263183219514984
0.9185736048305413
0.7454729655736102
0.7160422967349888
0.7838043159843434
0.8132633202809417
0.8079234695872397
0.6435702946202033
0.6985505063524954
0.882986574300761
0.7636247416893713
0.7259323620712834
0.6358674083967842
0.7620442154953401
0.6033575881211963
0.5703147684911161
0.7378435457976555
0.6650085930021448
0.6499993300217645
0.5542010452802971
0.6077563495000032
0.6445628725933018
0.5984370383083851
0.604205140835305
0.635890989631687
0.5419512788822299
0.6152636437266117
0.526810056218812
0.5830346811691031
0.512934280370396
0.6063441108907585
0.5491043925358319
0.5045165427956373
0.434095805055511
0.5247759529352324
0.47555477262807927
0.44865990588671695
0.44896011930421154
0.4191911684954435
0.4176721623046935
0.4426948811965554
0.38017082996118245
0.49296087445071896
0.4778534265994694
0.4436496148828297
0.3705429790235031
0.3682963624723656
0.42272990452189074
0.48732865872949316
0.40948550641322845
0.41694638824226143
0.4611986171040264
0.3128828050846476
0.4436357451021567
0.4552622690097902
0.38139371135082295
0.4559955573500136
0.48607537324422356
0.49319300741078514
0.43633150825618844
0.40829715376507
0.4422714735129929
0.5572169276777194
0.5840481192898093
0.50598666690131
0.4862718943075179
0.46370325103601384
0.458500826419842
0.37666388264760386
0.5479531255487051
0.4299243844895946
0.6041516141260703
0.5402371884606322
0.4541660959461714
0.5232658246087918
0.41178728524260977
0.6356911524991394
0.3819621464164694
0.5097589539631596
0.6246810736176489
0.6095114997639651
0.5432092135407258
0.5782182921938589
0.49537109305822946
0.585486454914734
0.6438953678198741
0.6217710688871642
0.6061078680512808
0.7452047706053837
0.497376038434176
0.647291713946893
0.6370656815760652
0.5100142623591337
0.6034927033410566
0.626949449531394
0.4735429472173468
0.6572440020211561
0.7574136840888619
0.6409426285836352
0.6332619463455532
0.6077290536526918
0.6486930775433201
